,0,1,2,3,4,5,6,7,8,9,0
0,0.0,0.0,0.0,0.0,0.0,0.0,0.0,0.0,0.0,0.0,1.2820512820512821518e-05
1,1.0,0.0,0.0,0.0,0.0,0.0,0.0,0.0,0.0,0.0,7.4019265280721264493e-06
2,0.0,1.0,0.0,0.0,0.0,0.0,0.0,0.0,0.0,0.0,7.4019265280721264493e-06
3,1.0,1.0,0.0,0.0,0.0,0.0,0.0,0.0,0.0,0.0,4.2735042735042729923e-06
4,0.0,0.0,1.0,0.0,0.0,0.0,0.0,0.0,0.0,0.0,7.4019265280721264493e-06
5,1.0,0.0,1.0,0.0,0.0,0.0,0.0,0.0,0.0,0.0,4.2735042735042746864e-06
6,0.0,1.0,1.0,0.0,0.0,0.0,0.0,0.0,0.0,0.0,4.2735042735042746864e-06
7,1.0,1.0,1.0,0.0,0.0,0.0,0.0,0.0,0.0,0.0,2.4673088426907098046e-06
8,0.0,0.0,0.0,1.0,0.0,0.0,0.0,0.0,0.0,0.0,7.4019265280721264493e-06
9,1.0,0.0,0.0,1.0,0.0,0.0,0.0,0.0,0.0,0.0,4.2735042735042746864e-06
10,0.0,1.0,0.0,1.0,0.0,0.0,0.0,0.0,0.0,0.0,4.2735042735042746864e-06
11,1.0,1.0,0.0,1.0,0.0,0.0,0.0,0.0,0.0,0.0,2.4673088426907098046e-06
12,0.0,0.0,1.0,1.0,0.0,0.0,0.0,0.0,0.0,0.0,4.2735042735042746864e-06
13,1.0,0.0,1.0,1.0,0.0,0.0,0.0,0.0,0.0,0.0,2.4673088426907098046e-06
14,0.0,1.0,1.0,1.0,0.0,0.0,0.0,0.0,0.0,0.0,2.4673088426907098046e-06
15,1.0,1.0,1.0,1.0,0.0,0.0,0.0,0.0,0.0,0.0,1.4245014245014244014e-06
16,0.0,0.0,0.0,0.0,1.0,0.0,0.0,0.0,0.0,0.0,7.4019265280721264493e-06
17,1.0,0.0,0.0,0.0,1.0,0.0,0.0,0.0,0.0,0.0,4.2735042735042746864e-06
18,0.0,1.0,0.0,0.0,1.0,0.0,0.0,0.0,0.0,0.0,4.2735042735042746864e-06
19,1.0,1.0,0.0,0.0,1.0,0.0,0.0,0.0,0.0,0.0,2.4673088426907098046e-06
20,0.0,0.0,1.0,0.0,1.0,0.0,0.0,0.0,0.0,0.0,4.2735042735042746864e-06
21,1.0,0.0,1.0,0.0,1.0,0.0,0.0,0.0,0.0,0.0,2.4673088426907098046e-06
22,0.0,1.0,1.0,0.0,1.0,0.0,0.0,0.0,0.0,0.0,2.4673088426907098046e-06
23,1.0,1.0,1.0,0.0,1.0,0.0,0.0,0.0,0.0,0.0,1.4245014245014244014e-06
24,0.0,0.0,0.0,1.0,1.0,0.0,0.0,0.0,0.0,0.0,4.2735042735042746864e-06
25,1.0,0.0,0.0,1.0,1.0,0.0,0.0,0.0,0.0,0.0,2.4673088426907098046e-06
26,0.0,1.0,0.0,1.0,1.0,0.0,0.0,0.0,0.0,0.0,2.4673088426907098046e-06
27,1.0,1.0,0.0,1.0,1.0,0.0,0.0,0.0,0.0,0.0,1.4245014245014244014e-06
28,0.0,0.0,1.0,1.0,1.0,0.0,0.0,0.0,0.0,0.0,2.4673088426907093811e-06
29,1.0,0.0,1.0,1.0,1.0,0.0,0.0,0.0,0.0,0.0,1.4245014245014250366e-06
30,0.0,1.0,1.0,1.0,1.0,0.0,0.0,0.0,0.0,0.0,1.4245014245014250366e-06
31,1.0,1.0,1.0,1.0,1.0,0.0,0.0,0.0,0.0,0.0,8.2243628089691022094e-07
32,0.0,0.0,0.0,0.0,0.0,1.0,0.0,0.0,0.0,0.0,7.4019265280721264493e-06
33,1.0,0.0,0.0,0.0,0.0,1.0,0.0,0.0,0.0,0.0,4.2735042735042746864e-06
34,0.0,1.0,0.0,0.0,0.0,1.0,0.0,0.0,0.0,0.0,4.2735042735042746864e-06
35,1.0,1.0,0.0,0.0,0.0,1.0,0.0,0.0,0.0,0.0,2.4673088426907098046e-06
36,0.0,0.0,1.0,0.0,0.0,1.0,0.0,0.0,0.0,0.0,4.2735042735042746864e-06
37,1.0,0.0,1.0,0.0,0.0,1.0,0.0,0.0,0.0,0.0,2.4673088426907098046e-06
38,0.0,1.0,1.0,0.0,0.0,1.0,0.0,0.0,0.0,0.0,2.4673088426907098046e-06
39,1.0,1.0,1.0,0.0,0.0,1.0,0.0,0.0,0.0,0.0,1.4245014245014244014e-06
40,0.0,0.0,0.0,1.0,0.0,1.0,0.0,0.0,0.0,0.0,4.2735042735042746864e-06
41,1.0,0.0,0.0,1.0,0.0,1.0,0.0,0.0,0.0,0.0,2.4673088426907098046e-06
42,0.0,1.0,0.0,1.0,0.0,1.0,0.0,0.0,0.0,0.0,2.4673088426907098046e-06
43,1.0,1.0,0.0,1.0,0.0,1.0,0.0,0.0,0.0,0.0,1.4245014245014244014e-06
44,0.0,0.0,1.0,1.0,0.0,1.0,0.0,0.0,0.0,0.0,2.4673088426907093811e-06
45,1.0,0.0,1.0,1.0,0.0,1.0,0.0,0.0,0.0,0.0,1.4245014245014250366e-06
46,0.0,1.0,1.0,1.0,0.0,1.0,0.0,0.0,0.0,0.0,1.4245014245014250366e-06
47,1.0,1.0,1.0,1.0,0.0,1.0,0.0,0.0,0.0,0.0,8.2243628089691022094e-07
48,0.0,0.0,0.0,0.0,1.0,1.0,0.0,0.0,0.0,0.0,4.2735042735042746864e-06
49,1.0,0.0,0.0,0.0,1.0,1.0,0.0,0.0,0.0,0.0,2.4673088426907098046e-06
50,0.0,1.0,0.0,0.0,1.0,1.0,0.0,0.0,0.0,0.0,2.4673088426907098046e-06
51,1.0,1.0,0.0,0.0,1.0,1.0,0.0,0.0,0.0,0.0,1.4245014245014244014e-06
52,0.0,0.0,1.0,0.0,1.0,1.0,0.0,0.0,0.0,0.0,2.4673088426907093811e-06
53,1.0,0.0,1.0,0.0,1.0,1.0,0.0,0.0,0.0,0.0,1.4245014245014250366e-06
54,0.0,1.0,1.0,0.0,1.0,1.0,0.0,0.0,0.0,0.0,1.4245014245014250366e-06
55,1.0,1.0,1.0,0.0,1.0,1.0,0.0,0.0,0.0,0.0,8.2243628089691022094e-07
56,0.0,0.0,0.0,1.0,1.0,1.0,0.0,0.0,0.0,0.0,2.4673088426907093811e-06
57,1.0,0.0,0.0,1.0,1.0,1.0,0.0,0.0,0.0,0.0,1.4245014245014250366e-06
58,0.0,1.0,0.0,1.0,1.0,1.0,0.0,0.0,0.0,0.0,1.4245014245014250366e-06
59,1.0,1.0,0.0,1.0,1.0,1.0,0.0,0.0,0.0,0.0,8.2243628089691022094e-07
60,0.0,0.0,1.0,1.0,1.0,1.0,0.0,0.0,0.0,0.0,1.4245014245014235543e-06
61,1.0,0.0,1.0,1.0,1.0,1.0,0.0,0.0,0.0,0.0,8.2243628089691276204e-07
62,0.0,1.0,1.0,1.0,1.0,1.0,0.0,0.0,0.0,0.0,8.2243628089691276204e-07
63,1.0,1.0,1.0,1.0,1.0,1.0,0.0,0.0,0.0,0.0,4.748338081671332262e-07
64,0.0,0.0,0.0,0.0,0.0,0.0,1.0,0.0,0.0,0.0,7.4019265280721264493e-06
65,1.0,0.0,0.0,0.0,0.0,0.0,1.0,0.0,0.0,0.0,4.2735042735042746864e-06
66,0.0,1.0,0.0,0.0,0.0,0.0,1.0,0.0,0.0,0.0,4.2735042735042746864e-06
67,1.0,1.0,0.0,0.0,0.0,0.0,1.0,0.0,0.0,0.0,2.4673088426907098046e-06
68,0.0,0.0,1.0,0.0,0.0,0.0,1.0,0.0,0.0,0.0,4.2735042735042746864e-06
69,1.0,0.0,1.0,0.0,0.0,0.0,1.0,0.0,0.0,0.0,2.4673088426907098046e-06
70,0.0,1.0,1.0,0.0,0.0,0.0,1.0,0.0,0.0,0.0,2.4673088426907098046e-06
71,1.0,1.0,1.0,0.0,0.0,0.0,1.0,0.0,0.0,0.0,1.4245014245014244014e-06
72,0.0,0.0,0.0,1.0,0.0,0.0,1.0,0.0,0.0,0.0,4.2735042735042746864e-06
73,1.0,0.0,0.0,1.0,0.0,0.0,1.0,0.0,0.0,0.0,2.4673088426907098046e-06
74,0.0,1.0,0.0,1.0,0.0,0.0,1.0,0.0,0.0,0.0,2.4673088426907098046e-06
75,1.0,1.0,0.0,1.0,0.0,0.0,1.0,0.0,0.0,0.0,1.4245014245014244014e-06
76,0.0,0.0,1.0,1.0,0.0,0.0,1.0,0.0,0.0,0.0,2.4673088426907093811e-06
77,1.0,0.0,1.0,1.0,0.0,0.0,1.0,0.0,0.0,0.0,1.4245014245014250366e-06
78,0.0,1.0,1.0,1.0,0.0,0.0,1.0,0.0,0.0,0.0,1.4245014245014250366e-06
79,1.0,1.0,1.0,1.0,0.0,0.0,1.0,0.0,0.0,0.0,8.2243628089691022094e-07
80,0.0,0.0,0.0,0.0,1.0,0.0,1.0,0.0,0.0,0.0,4.2735042735042746864e-06
81,1.0,0.0,0.0,0.0,1.0,0.0,1.0,0.0,0.0,0.0,2.4673088426907098046e-06
82,0.0,1.0,0.0,0.0,1.0,0.0,1.0,0.0,0.0,0.0,2.4673088426907098046e-06
83,1.0,1.0,0.0,0.0,1.0,0.0,1.0,0.0,0.0,0.0,1.4245014245014244014e-06
84,0.0,0.0,1.0,0.0,1.0,0.0,1.0,0.0,0.0,0.0,2.4673088426907093811e-06
85,1.0,0.0,1.0,0.0,1.0,0.0,1.0,0.0,0.0,0.0,1.4245014245014250366e-06
86,0.0,1.0,1.0,0.0,1.0,0.0,1.0,0.0,0.0,0.0,1.4245014245014250366e-06
87,1.0,1.0,1.0,0.0,1.0,0.0,1.0,0.0,0.0,0.0,8.2243628089691022094e-07
88,0.0,0.0,0.0,1.0,1.0,0.0,1.0,0.0,0.0,0.0,2.4673088426907093811e-06
89,1.0,0.0,0.0,1.0,1.0,0.0,1.0,0.0,0.0,0.0,1.4245014245014250366e-06
90,0.0,1.0,0.0,1.0,1.0,0.0,1.0,0.0,0.0,0.0,1.4245014245014250366e-06
91,1.0,1.0,0.0,1.0,1.0,0.0,1.0,0.0,0.0,0.0,8.2243628089691022094e-07
92,0.0,0.0,1.0,1.0,1.0,0.0,1.0,0.0,0.0,0.0,1.4245014245014235543e-06
93,1.0,0.0,1.0,1.0,1.0,0.0,1.0,0.0,0.0,0.0,8.2243628089691276204e-07
94,0.0,1.0,1.0,1.0,1.0,0.0,1.0,0.0,0.0,0.0,8.2243628089691276204e-07
95,1.0,1.0,1.0,1.0,1.0,0.0,1.0,0.0,0.0,0.0,4.748338081671332262e-07
96,0.0,0.0,0.0,0.0,0.0,1.0,1.0,0.0,0.0,0.0,4.2735042735042746864e-06
97,1.0,0.0,0.0,0.0,0.0,1.0,1.0,0.0,0.0,0.0,2.4673088426907098046e-06
98,0.0,1.0,0.0,0.0,0.0,1.0,1.0,0.0,0.0,0.0,2.4673088426907098046e-06
99,1.0,1.0,0.0,0.0,0.0,1.0,1.0,0.0,0.0,0.0,1.4245014245014244014e-06
100,0.0,0.0,1.0,0.0,0.0,1.0,1.0,0.0,0.0,0.0,2.4673088426907093811e-06
101,1.0,0.0,1.0,0.0,0.0,1.0,1.0,0.0,0.0,0.0,1.4245014245014250366e-06
102,0.0,1.0,1.0,0.0,0.0,1.0,1.0,0.0,0.0,0.0,1.4245014245014250366e-06
103,1.0,1.0,1.0,0.0,0.0,1.0,1.0,0.0,0.0,0.0,8.2243628089691022094e-07
104,0.0,0.0,0.0,1.0,0.0,1.0,1.0,0.0,0.0,0.0,2.4673088426907093811e-06
105,1.0,0.0,0.0,1.0,0.0,1.0,1.0,0.0,0.0,0.0,1.4245014245014250366e-06
106,0.0,1.0,0.0,1.0,0.0,1.0,1.0,0.0,0.0,0.0,1.4245014245014250366e-06
107,1.0,1.0,0.0,1.0,0.0,1.0,1.0,0.0,0.0,0.0,8.2243628089691022094e-07
108,0.0,0.0,1.0,1.0,0.0,1.0,1.0,0.0,0.0,0.0,1.4245014245014235543e-06
109,1.0,0.0,1.0,1.0,0.0,1.0,1.0,0.0,0.0,0.0,8.2243628089691276204e-07
110,0.0,1.0,1.0,1.0,0.0,1.0,1.0,0.0,0.0,0.0,8.2243628089691276204e-07
111,1.0,1.0,1.0,1.0,0.0,1.0,1.0,0.0,0.0,0.0,4.748338081671332262e-07
112,0.0,0.0,0.0,0.0,1.0,1.0,1.0,0.0,0.0,0.0,2.4673088426907093811e-06
113,1.0,0.0,0.0,0.0,1.0,1.0,1.0,0.0,0.0,0.0,1.4245014245014250366e-06
114,0.0,1.0,0.0,0.0,1.0,1.0,1.0,0.0,0.0,0.0,1.4245014245014250366e-06
115,1.0,1.0,0.0,0.0,1.0,1.0,1.0,0.0,0.0,0.0,8.2243628089691022094e-07
116,0.0,0.0,1.0,0.0,1.0,1.0,1.0,0.0,0.0,0.0,1.4245014245014235543e-06
117,1.0,0.0,1.0,0.0,1.0,1.0,1.0,0.0,0.0,0.0,8.2243628089691276204e-07
118,0.0,1.0,1.0,0.0,1.0,1.0,1.0,0.0,0.0,0.0,8.2243628089691276204e-07
119,1.0,1.0,1.0,0.0,1.0,1.0,1.0,0.0,0.0,0.0,4.748338081671332262e-07
120,0.0,0.0,0.0,1.0,1.0,1.0,1.0,0.0,0.0,0.0,1.4245014245014235543e-06
121,1.0,0.0,0.0,1.0,1.0,1.0,1.0,0.0,0.0,0.0,8.2243628089691276204e-07
122,0.0,1.0,0.0,1.0,1.0,1.0,1.0,0.0,0.0,0.0,8.2243628089691276204e-07
123,1.0,1.0,0.0,1.0,1.0,1.0,1.0,0.0,0.0,0.0,4.748338081671332262e-07
124,0.0,0.0,1.0,1.0,1.0,1.0,1.0,0.0,0.0,0.0,8.2243628089691276204e-07
125,1.0,0.0,1.0,1.0,1.0,1.0,1.0,0.0,0.0,0.0,4.748338081671312145e-07
126,0.0,1.0,1.0,1.0,1.0,1.0,1.0,0.0,0.0,0.0,4.748338081671312145e-07
127,1.0,1.0,1.0,1.0,1.0,1.0,1.0,0.0,0.0,0.0,2.7414542696561452335e-07
128,0.0,0.0,0.0,0.0,0.0,0.0,0.0,1.0,0.0,0.0,7.4019265280721264493e-06
129,1.0,0.0,0.0,0.0,0.0,0.0,0.0,1.0,0.0,0.0,4.2735042735042746864e-06
130,0.0,1.0,0.0,0.0,0.0,0.0,0.0,1.0,0.0,0.0,4.2735042735042746864e-06
131,1.0,1.0,0.0,0.0,0.0,0.0,0.0,1.0,0.0,0.0,2.4673088426907098046e-06
132,0.0,0.0,1.0,0.0,0.0,0.0,0.0,1.0,0.0,0.0,4.2735042735042746864e-06
133,1.0,0.0,1.0,0.0,0.0,0.0,0.0,1.0,0.0,0.0,2.4673088426907098046e-06
134,0.0,1.0,1.0,0.0,0.0,0.0,0.0,1.0,0.0,0.0,2.4673088426907098046e-06
135,1.0,1.0,1.0,0.0,0.0,0.0,0.0,1.0,0.0,0.0,1.4245014245014244014e-06
136,0.0,0.0,0.0,1.0,0.0,0.0,0.0,1.0,0.0,0.0,4.2735042735042746864e-06
137,1.0,0.0,0.0,1.0,0.0,0.0,0.0,1.0,0.0,0.0,2.4673088426907098046e-06
138,0.0,1.0,0.0,1.0,0.0,0.0,0.0,1.0,0.0,0.0,2.4673088426907098046e-06
139,1.0,1.0,0.0,1.0,0.0,0.0,0.0,1.0,0.0,0.0,1.4245014245014244014e-06
140,0.0,0.0,1.0,1.0,0.0,0.0,0.0,1.0,0.0,0.0,2.4673088426907093811e-06
141,1.0,0.0,1.0,1.0,0.0,0.0,0.0,1.0,0.0,0.0,1.4245014245014250366e-06
142,0.0,1.0,1.0,1.0,0.0,0.0,0.0,1.0,0.0,0.0,1.4245014245014250366e-06
143,1.0,1.0,1.0,1.0,0.0,0.0,0.0,1.0,0.0,0.0,8.2243628089691022094e-07
144,0.0,0.0,0.0,0.0,1.0,0.0,0.0,1.0,0.0,0.0,4.2735042735042746864e-06
145,1.0,0.0,0.0,0.0,1.0,0.0,0.0,1.0,0.0,0.0,2.4673088426907098046e-06
146,0.0,1.0,0.0,0.0,1.0,0.0,0.0,1.0,0.0,0.0,2.4673088426907098046e-06
147,1.0,1.0,0.0,0.0,1.0,0.0,0.0,1.0,0.0,0.0,1.4245014245014244014e-06
148,0.0,0.0,1.0,0.0,1.0,0.0,0.0,1.0,0.0,0.0,2.4673088426907093811e-06
149,1.0,0.0,1.0,0.0,1.0,0.0,0.0,1.0,0.0,0.0,1.4245014245014250366e-06
150,0.0,1.0,1.0,0.0,1.0,0.0,0.0,1.0,0.0,0.0,1.4245014245014250366e-06
151,1.0,1.0,1.0,0.0,1.0,0.0,0.0,1.0,0.0,0.0,8.2243628089691022094e-07
152,0.0,0.0,0.0,1.0,1.0,0.0,0.0,1.0,0.0,0.0,2.4673088426907093811e-06
153,1.0,0.0,0.0,1.0,1.0,0.0,0.0,1.0,0.0,0.0,1.4245014245014250366e-06
154,0.0,1.0,0.0,1.0,1.0,0.0,0.0,1.0,0.0,0.0,1.4245014245014250366e-06
155,1.0,1.0,0.0,1.0,1.0,0.0,0.0,1.0,0.0,0.0,8.2243628089691022094e-07
156,0.0,0.0,1.0,1.0,1.0,0.0,0.0,1.0,0.0,0.0,1.4245014245014235543e-06
157,1.0,0.0,1.0,1.0,1.0,0.0,0.0,1.0,0.0,0.0,8.2243628089691276204e-07
158,0.0,1.0,1.0,1.0,1.0,0.0,0.0,1.0,0.0,0.0,8.2243628089691276204e-07
159,1.0,1.0,1.0,1.0,1.0,0.0,0.0,1.0,0.0,0.0,4.748338081671332262e-07
160,0.0,0.0,0.0,0.0,0.0,1.0,0.0,1.0,0.0,0.0,4.2735042735042746864e-06
161,1.0,0.0,0.0,0.0,0.0,1.0,0.0,1.0,0.0,0.0,2.4673088426907098046e-06
162,0.0,1.0,0.0,0.0,0.0,1.0,0.0,1.0,0.0,0.0,2.4673088426907098046e-06
163,1.0,1.0,0.0,0.0,0.0,1.0,0.0,1.0,0.0,0.0,1.4245014245014244014e-06
164,0.0,0.0,1.0,0.0,0.0,1.0,0.0,1.0,0.0,0.0,2.4673088426907093811e-06
165,1.0,0.0,1.0,0.0,0.0,1.0,0.0,1.0,0.0,0.0,1.4245014245014250366e-06
166,0.0,1.0,1.0,0.0,0.0,1.0,0.0,1.0,0.0,0.0,1.4245014245014250366e-06
167,1.0,1.0,1.0,0.0,0.0,1.0,0.0,1.0,0.0,0.0,8.2243628089691022094e-07
168,0.0,0.0,0.0,1.0,0.0,1.0,0.0,1.0,0.0,0.0,2.4673088426907093811e-06
169,1.0,0.0,0.0,1.0,0.0,1.0,0.0,1.0,0.0,0.0,1.4245014245014250366e-06
170,0.0,1.0,0.0,1.0,0.0,1.0,0.0,1.0,0.0,0.0,1.4245014245014250366e-06
171,1.0,1.0,0.0,1.0,0.0,1.0,0.0,1.0,0.0,0.0,8.2243628089691022094e-07
172,0.0,0.0,1.0,1.0,0.0,1.0,0.0,1.0,0.0,0.0,1.4245014245014235543e-06
173,1.0,0.0,1.0,1.0,0.0,1.0,0.0,1.0,0.0,0.0,8.2243628089691276204e-07
174,0.0,1.0,1.0,1.0,0.0,1.0,0.0,1.0,0.0,0.0,8.2243628089691276204e-07
175,1.0,1.0,1.0,1.0,0.0,1.0,0.0,1.0,0.0,0.0,4.748338081671332262e-07
176,0.0,0.0,0.0,0.0,1.0,1.0,0.0,1.0,0.0,0.0,2.4673088426907093811e-06
177,1.0,0.0,0.0,0.0,1.0,1.0,0.0,1.0,0.0,0.0,1.4245014245014250366e-06
178,0.0,1.0,0.0,0.0,1.0,1.0,0.0,1.0,0.0,0.0,1.4245014245014250366e-06
179,1.0,1.0,0.0,0.0,1.0,1.0,0.0,1.0,0.0,0.0,8.2243628089691022094e-07
180,0.0,0.0,1.0,0.0,1.0,1.0,0.0,1.0,0.0,0.0,1.4245014245014235543e-06
181,1.0,0.0,1.0,0.0,1.0,1.0,0.0,1.0,0.0,0.0,8.2243628089691276204e-07
182,0.0,1.0,1.0,0.0,1.0,1.0,0.0,1.0,0.0,0.0,8.2243628089691276204e-07
183,1.0,1.0,1.0,0.0,1.0,1.0,0.0,1.0,0.0,0.0,4.748338081671332262e-07
184,0.0,0.0,0.0,1.0,1.0,1.0,0.0,1.0,0.0,0.0,1.4245014245014235543e-06
185,1.0,0.0,0.0,1.0,1.0,1.0,0.0,1.0,0.0,0.0,8.2243628089691276204e-07
186,0.0,1.0,0.0,1.0,1.0,1.0,0.0,1.0,0.0,0.0,8.2243628089691276204e-07
187,1.0,1.0,0.0,1.0,1.0,1.0,0.0,1.0,0.0,0.0,4.748338081671332262e-07
188,0.0,0.0,1.0,1.0,1.0,1.0,0.0,1.0,0.0,0.0,8.2243628089691276204e-07
189,1.0,0.0,1.0,1.0,1.0,1.0,0.0,1.0,0.0,0.0,4.748338081671312145e-07
190,0.0,1.0,1.0,1.0,1.0,1.0,0.0,1.0,0.0,0.0,4.748338081671312145e-07
191,1.0,1.0,1.0,1.0,1.0,1.0,0.0,1.0,0.0,0.0,2.7414542696561452335e-07
192,0.0,0.0,0.0,0.0,0.0,0.0,1.0,1.0,0.0,0.0,4.2735042735042746864e-06
193,1.0,0.0,0.0,0.0,0.0,0.0,1.0,1.0,0.0,0.0,2.4673088426907098046e-06
194,0.0,1.0,0.0,0.0,0.0,0.0,1.0,1.0,0.0,0.0,2.4673088426907098046e-06
195,1.0,1.0,0.0,0.0,0.0,0.0,1.0,1.0,0.0,0.0,1.4245014245014244014e-06
196,0.0,0.0,1.0,0.0,0.0,0.0,1.0,1.0,0.0,0.0,2.4673088426907093811e-06
197,1.0,0.0,1.0,0.0,0.0,0.0,1.0,1.0,0.0,0.0,1.4245014245014250366e-06
198,0.0,1.0,1.0,0.0,0.0,0.0,1.0,1.0,0.0,0.0,1.4245014245014250366e-06
199,1.0,1.0,1.0,0.0,0.0,0.0,1.0,1.0,0.0,0.0,8.2243628089691022094e-07
200,0.0,0.0,0.0,1.0,0.0,0.0,1.0,1.0,0.0,0.0,2.4673088426907093811e-06
201,1.0,0.0,0.0,1.0,0.0,0.0,1.0,1.0,0.0,0.0,1.4245014245014250366e-06
202,0.0,1.0,0.0,1.0,0.0,0.0,1.0,1.0,0.0,0.0,1.4245014245014250366e-06
203,1.0,1.0,0.0,1.0,0.0,0.0,1.0,1.0,0.0,0.0,8.2243628089691022094e-07
204,0.0,0.0,1.0,1.0,0.0,0.0,1.0,1.0,0.0,0.0,1.4245014245014235543e-06
205,1.0,0.0,1.0,1.0,0.0,0.0,1.0,1.0,0.0,0.0,8.2243628089691276204e-07
206,0.0,1.0,1.0,1.0,0.0,0.0,1.0,1.0,0.0,0.0,8.2243628089691276204e-07
207,1.0,1.0,1.0,1.0,0.0,0.0,1.0,1.0,0.0,0.0,4.748338081671332262e-07
208,0.0,0.0,0.0,0.0,1.0,0.0,1.0,1.0,0.0,0.0,2.4673088426907093811e-06
209,1.0,0.0,0.0,0.0,1.0,0.0,1.0,1.0,0.0,0.0,1.4245014245014250366e-06
210,0.0,1.0,0.0,0.0,1.0,0.0,1.0,1.0,0.0,0.0,1.4245014245014250366e-06
211,1.0,1.0,0.0,0.0,1.0,0.0,1.0,1.0,0.0,0.0,8.2243628089691022094e-07
212,0.0,0.0,1.0,0.0,1.0,0.0,1.0,1.0,0.0,0.0,1.4245014245014235543e-06
213,1.0,0.0,1.0,0.0,1.0,0.0,1.0,1.0,0.0,0.0,8.2243628089691276204e-07
214,0.0,1.0,1.0,0.0,1.0,0.0,1.0,1.0,0.0,0.0,8.2243628089691276204e-07
215,1.0,1.0,1.0,0.0,1.0,0.0,1.0,1.0,0.0,0.0,4.748338081671332262e-07
216,0.0,0.0,0.0,1.0,1.0,0.0,1.0,1.0,0.0,0.0,1.4245014245014235543e-06
217,1.0,0.0,0.0,1.0,1.0,0.0,1.0,1.0,0.0,0.0,8.2243628089691276204e-07
218,0.0,1.0,0.0,1.0,1.0,0.0,1.0,1.0,0.0,0.0,8.2243628089691276204e-07
219,1.0,1.0,0.0,1.0,1.0,0.0,1.0,1.0,0.0,0.0,4.748338081671332262e-07
220,0.0,0.0,1.0,1.0,1.0,0.0,1.0,1.0,0.0,0.0,8.2243628089691276204e-07
221,1.0,0.0,1.0,1.0,1.0,0.0,1.0,1.0,0.0,0.0,4.748338081671312145e-07
222,0.0,1.0,1.0,1.0,1.0,0.0,1.0,1.0,0.0,0.0,4.748338081671312145e-07
223,1.0,1.0,1.0,1.0,1.0,0.0,1.0,1.0,0.0,0.0,2.7414542696561452335e-07
224,0.0,0.0,0.0,0.0,0.0,1.0,1.0,1.0,0.0,0.0,2.4673088426907093811e-06
225,1.0,0.0,0.0,0.0,0.0,1.0,1.0,1.0,0.0,0.0,1.4245014245014250366e-06
226,0.0,1.0,0.0,0.0,0.0,1.0,1.0,1.0,0.0,0.0,1.4245014245014250366e-06
227,1.0,1.0,0.0,0.0,0.0,1.0,1.0,1.0,0.0,0.0,8.2243628089691022094e-07
228,0.0,0.0,1.0,0.0,0.0,1.0,1.0,1.0,0.0,0.0,1.4245014245014235543e-06
229,1.0,0.0,1.0,0.0,0.0,1.0,1.0,1.0,0.0,0.0,8.2243628089691276204e-07
230,0.0,1.0,1.0,0.0,0.0,1.0,1.0,1.0,0.0,0.0,8.2243628089691276204e-07
231,1.0,1.0,1.0,0.0,0.0,1.0,1.0,1.0,0.0,0.0,4.748338081671332262e-07
232,0.0,0.0,0.0,1.0,0.0,1.0,1.0,1.0,0.0,0.0,1.4245014245014235543e-06
233,1.0,0.0,0.0,1.0,0.0,1.0,1.0,1.0,0.0,0.0,8.2243628089691276204e-07
234,0.0,1.0,0.0,1.0,0.0,1.0,1.0,1.0,0.0,0.0,8.2243628089691276204e-07
235,1.0,1.0,0.0,1.0,0.0,1.0,1.0,1.0,0.0,0.0,4.748338081671332262e-07
236,0.0,0.0,1.0,1.0,0.0,1.0,1.0,1.0,0.0,0.0,8.2243628089691276204e-07
237,1.0,0.0,1.0,1.0,0.0,1.0,1.0,1.0,0.0,0.0,4.748338081671312145e-07
238,0.0,1.0,1.0,1.0,0.0,1.0,1.0,1.0,0.0,0.0,4.748338081671312145e-07
239,1.0,1.0,1.0,1.0,0.0,1.0,1.0,1.0,0.0,0.0,2.7414542696561452335e-07
240,0.0,0.0,0.0,0.0,1.0,1.0,1.0,1.0,0.0,0.0,1.4245014245014235543e-06
241,1.0,0.0,0.0,0.0,1.0,1.0,1.0,1.0,0.0,0.0,8.2243628089691276204e-07
242,0.0,1.0,0.0,0.0,1.0,1.0,1.0,1.0,0.0,0.0,8.2243628089691276204e-07
243,1.0,1.0,0.0,0.0,1.0,1.0,1.0,1.0,0.0,0.0,4.748338081671332262e-07
244,0.0,0.0,1.0,0.0,1.0,1.0,1.0,1.0,0.0,0.0,8.2243628089691276204e-07
245,1.0,0.0,1.0,0.0,1.0,1.0,1.0,1.0,0.0,0.0,4.748338081671312145e-07
246,0.0,1.0,1.0,0.0,1.0,1.0,1.0,1.0,0.0,0.0,4.748338081671312145e-07
247,1.0,1.0,1.0,0.0,1.0,1.0,1.0,1.0,0.0,0.0,2.7414542696561452335e-07
248,0.0,0.0,0.0,1.0,1.0,1.0,1.0,1.0,0.0,0.0,8.2243628089691276204e-07
249,1.0,0.0,0.0,1.0,1.0,1.0,1.0,1.0,0.0,0.0,4.748338081671312145e-07
250,0.0,1.0,0.0,1.0,1.0,1.0,1.0,1.0,0.0,0.0,4.748338081671312145e-07
251,1.0,1.0,0.0,1.0,1.0,1.0,1.0,1.0,0.0,0.0,2.7414542696561452335e-07
252,0.0,0.0,1.0,1.0,1.0,1.0,1.0,1.0,0.0,0.0,4.748338081671332262e-07
253,1.0,0.0,1.0,1.0,1.0,1.0,1.0,1.0,0.0,0.0,2.741454269656109764e-07
254,0.0,1.0,1.0,1.0,1.0,1.0,1.0,1.0,0.0,0.0,2.741454269656109764e-07
255,1.0,1.0,1.0,1.0,1.0,1.0,1.0,1.0,0.0,0.0,1.5827793605591456624e-07
256,0.0,0.0,0.0,0.0,0.0,0.0,0.0,0.0,1.0,0.0,1.8504816320180314006e-05
257,1.0,0.0,0.0,0.0,0.0,0.0,0.0,0.0,1.0,0.0,-2.1367521367521364962e-06
258,0.0,1.0,0.0,0.0,0.0,0.0,0.0,0.0,1.0,0.0,-2.1367521367521364962e-06
259,1.0,1.0,0.0,0.0,0.0,0.0,0.0,0.0,1.0,0.0,6.1682721067267730293e-06
260,0.0,0.0,1.0,0.0,0.0,0.0,0.0,0.0,1.0,0.0,-2.1367521367521364962e-06
261,1.0,0.0,1.0,0.0,0.0,0.0,0.0,0.0,1.0,0.0,6.1682721067267721823e-06
262,0.0,1.0,1.0,0.0,0.0,0.0,0.0,0.0,1.0,0.0,6.1682721067267721823e-06
263,1.0,1.0,1.0,0.0,0.0,0.0,0.0,0.0,1.0,0.0,-7.122507122507132595e-07
264,0.0,0.0,0.0,1.0,0.0,0.0,0.0,0.0,1.0,0.0,-2.1367521367521364962e-06
265,1.0,0.0,0.0,1.0,0.0,0.0,0.0,0.0,1.0,0.0,6.1682721067267721823e-06
266,0.0,1.0,0.0,1.0,0.0,0.0,0.0,0.0,1.0,0.0,6.1682721067267721823e-06
267,1.0,1.0,0.0,1.0,0.0,0.0,0.0,0.0,1.0,0.0,-7.122507122507132595e-07
268,0.0,0.0,1.0,1.0,0.0,0.0,0.0,0.0,1.0,0.0,6.1682721067267721823e-06
269,1.0,0.0,1.0,1.0,0.0,0.0,0.0,0.0,1.0,0.0,-7.1225071225071177717e-07
270,0.0,1.0,1.0,1.0,0.0,0.0,0.0,0.0,1.0,0.0,-7.1225071225071177717e-07
271,1.0,1.0,1.0,1.0,0.0,0.0,0.0,0.0,1.0,0.0,2.0560907022422561235e-06
272,0.0,0.0,0.0,0.0,1.0,0.0,0.0,0.0,1.0,0.0,-2.1367521367521364962e-06
273,1.0,0.0,0.0,0.0,1.0,0.0,0.0,0.0,1.0,0.0,6.1682721067267721823e-06
274,0.0,1.0,0.0,0.0,1.0,0.0,0.0,0.0,1.0,0.0,6.1682721067267721823e-06
275,1.0,1.0,0.0,0.0,1.0,0.0,0.0,0.0,1.0,0.0,-7.122507122507132595e-07
276,0.0,0.0,1.0,0.0,1.0,0.0,0.0,0.0,1.0,0.0,6.1682721067267721823e-06
277,1.0,0.0,1.0,0.0,1.0,0.0,0.0,0.0,1.0,0.0,-7.1225071225071177717e-07
278,0.0,1.0,1.0,0.0,1.0,0.0,0.0,0.0,1.0,0.0,-7.1225071225071177717e-07
279,1.0,1.0,1.0,0.0,1.0,0.0,0.0,0.0,1.0,0.0,2.0560907022422561235e-06
280,0.0,0.0,0.0,1.0,1.0,0.0,0.0,0.0,1.0,0.0,6.1682721067267721823e-06
281,1.0,0.0,0.0,1.0,1.0,0.0,0.0,0.0,1.0,0.0,-7.1225071225071177717e-07
282,0.0,1.0,0.0,1.0,1.0,0.0,0.0,0.0,1.0,0.0,-7.1225071225071177717e-07
283,1.0,1.0,0.0,1.0,1.0,0.0,0.0,0.0,1.0,0.0,2.0560907022422561235e-06
284,0.0,0.0,1.0,1.0,1.0,0.0,0.0,0.0,1.0,0.0,-7.1225071225071177717e-07
285,1.0,0.0,1.0,1.0,1.0,0.0,0.0,0.0,1.0,0.0,2.0560907022422561235e-06
286,0.0,1.0,1.0,1.0,1.0,0.0,0.0,0.0,1.0,0.0,2.0560907022422561235e-06
287,1.0,1.0,1.0,1.0,1.0,0.0,0.0,0.0,1.0,0.0,-2.3741690408356912773e-07
288,0.0,0.0,0.0,0.0,0.0,1.0,0.0,0.0,1.0,0.0,-2.1367521367521364962e-06
289,1.0,0.0,0.0,0.0,0.0,1.0,0.0,0.0,1.0,0.0,6.1682721067267721823e-06
290,0.0,1.0,0.0,0.0,0.0,1.0,0.0,0.0,1.0,0.0,6.1682721067267721823e-06
291,1.0,1.0,0.0,0.0,0.0,1.0,0.0,0.0,1.0,0.0,-7.122507122507132595e-07
292,0.0,0.0,1.0,0.0,0.0,1.0,0.0,0.0,1.0,0.0,6.1682721067267721823e-06
293,1.0,0.0,1.0,0.0,0.0,1.0,0.0,0.0,1.0,0.0,-7.1225071225071177717e-07
294,0.0,1.0,1.0,0.0,0.0,1.0,0.0,0.0,1.0,0.0,-7.1225071225071177717e-07
295,1.0,1.0,1.0,0.0,0.0,1.0,0.0,0.0,1.0,0.0,2.0560907022422561235e-06
296,0.0,0.0,0.0,1.0,0.0,1.0,0.0,0.0,1.0,0.0,6.1682721067267721823e-06
297,1.0,0.0,0.0,1.0,0.0,1.0,0.0,0.0,1.0,0.0,-7.1225071225071177717e-07
298,0.0,1.0,0.0,1.0,0.0,1.0,0.0,0.0,1.0,0.0,-7.1225071225071177717e-07
299,1.0,1.0,0.0,1.0,0.0,1.0,0.0,0.0,1.0,0.0,2.0560907022422561235e-06
300,0.0,0.0,1.0,1.0,0.0,1.0,0.0,0.0,1.0,0.0,-7.1225071225071177717e-07
301,1.0,0.0,1.0,1.0,0.0,1.0,0.0,0.0,1.0,0.0,2.0560907022422561235e-06
302,0.0,1.0,1.0,1.0,0.0,1.0,0.0,0.0,1.0,0.0,2.0560907022422561235e-06
303,1.0,1.0,1.0,1.0,0.0,1.0,0.0,0.0,1.0,0.0,-2.3741690408356912773e-07
304,0.0,0.0,0.0,0.0,1.0,1.0,0.0,0.0,1.0,0.0,6.1682721067267721823e-06
305,1.0,0.0,0.0,0.0,1.0,1.0,0.0,0.0,1.0,0.0,-7.1225071225071177717e-07
306,0.0,1.0,0.0,0.0,1.0,1.0,0.0,0.0,1.0,0.0,-7.1225071225071177717e-07
307,1.0,1.0,0.0,0.0,1.0,1.0,0.0,0.0,1.0,0.0,2.0560907022422561235e-06
308,0.0,0.0,1.0,0.0,1.0,1.0,0.0,0.0,1.0,0.0,-7.1225071225071177717e-07
309,1.0,0.0,1.0,0.0,1.0,1.0,0.0,0.0,1.0,0.0,2.0560907022422561235e-06
310,0.0,1.0,1.0,0.0,1.0,1.0,0.0,0.0,1.0,0.0,2.0560907022422561235e-06
311,1.0,1.0,1.0,0.0,1.0,1.0,0.0,0.0,1.0,0.0,-2.3741690408356912773e-07
312,0.0,0.0,0.0,1.0,1.0,1.0,0.0,0.0,1.0,0.0,-7.1225071225071177717e-07
313,1.0,0.0,0.0,1.0,1.0,1.0,0.0,0.0,1.0,0.0,2.0560907022422561235e-06
314,0.0,1.0,0.0,1.0,1.0,1.0,0.0,0.0,1.0,0.0,2.0560907022422561235e-06
315,1.0,1.0,0.0,1.0,1.0,1.0,0.0,0.0,1.0,0.0,-2.3741690408356912773e-07
316,0.0,0.0,1.0,1.0,1.0,1.0,0.0,0.0,1.0,0.0,2.0560907022422561235e-06
317,1.0,0.0,1.0,1.0,1.0,1.0,0.0,0.0,1.0,0.0,-2.3741690408357087473e-07
318,0.0,1.0,1.0,1.0,1.0,1.0,0.0,0.0,1.0,0.0,-2.3741690408357087473e-07
319,1.0,1.0,1.0,1.0,1.0,1.0,0.0,0.0,1.0,0.0,6.853635674140925037e-07
320,0.0,0.0,0.0,0.0,0.0,0.0,1.0,0.0,1.0,0.0,-2.1367521367521364962e-06
321,1.0,0.0,0.0,0.0,0.0,0.0,1.0,0.0,1.0,0.0,6.1682721067267721823e-06
322,0.0,1.0,0.0,0.0,0.0,0.0,1.0,0.0,1.0,0.0,6.1682721067267721823e-06
323,1.0,1.0,0.0,0.0,0.0,0.0,1.0,0.0,1.0,0.0,-7.122507122507132595e-07
324,0.0,0.0,1.0,0.0,0.0,0.0,1.0,0.0,1.0,0.0,6.1682721067267721823e-06
325,1.0,0.0,1.0,0.0,0.0,0.0,1.0,0.0,1.0,0.0,-7.1225071225071177717e-07
326,0.0,1.0,1.0,0.0,0.0,0.0,1.0,0.0,1.0,0.0,-7.1225071225071177717e-07
327,1.0,1.0,1.0,0.0,0.0,0.0,1.0,0.0,1.0,0.0,2.0560907022422561235e-06
328,0.0,0.0,0.0,1.0,0.0,0.0,1.0,0.0,1.0,0.0,6.1682721067267721823e-06
329,1.0,0.0,0.0,1.0,0.0,0.0,1.0,0.0,1.0,0.0,-7.1225071225071177717e-07
330,0.0,1.0,0.0,1.0,0.0,0.0,1.0,0.0,1.0,0.0,-7.1225071225071177717e-07
331,1.0,1.0,0.0,1.0,0.0,0.0,1.0,0.0,1.0,0.0,2.0560907022422561235e-06
332,0.0,0.0,1.0,1.0,0.0,0.0,1.0,0.0,1.0,0.0,-7.1225071225071177717e-07
333,1.0,0.0,1.0,1.0,0.0,0.0,1.0,0.0,1.0,0.0,2.0560907022422561235e-06
334,0.0,1.0,1.0,1.0,0.0,0.0,1.0,0.0,1.0,0.0,2.0560907022422561235e-06
335,1.0,1.0,1.0,1.0,0.0,0.0,1.0,0.0,1.0,0.0,-2.3741690408356912773e-07
336,0.0,0.0,0.0,0.0,1.0,0.0,1.0,0.0,1.0,0.0,6.1682721067267721823e-06
337,1.0,0.0,0.0,0.0,1.0,0.0,1.0,0.0,1.0,0.0,-7.1225071225071177717e-07
338,0.0,1.0,0.0,0.0,1.0,0.0,1.0,0.0,1.0,0.0,-7.1225071225071177717e-07
339,1.0,1.0,0.0,0.0,1.0,0.0,1.0,0.0,1.0,0.0,2.0560907022422561235e-06
340,0.0,0.0,1.0,0.0,1.0,0.0,1.0,0.0,1.0,0.0,-7.1225071225071177717e-07
341,1.0,0.0,1.0,0.0,1.0,0.0,1.0,0.0,1.0,0.0,2.0560907022422561235e-06
342,0.0,1.0,1.0,0.0,1.0,0.0,1.0,0.0,1.0,0.0,2.0560907022422561235e-06
343,1.0,1.0,1.0,0.0,1.0,0.0,1.0,0.0,1.0,0.0,-2.3741690408356912773e-07
344,0.0,0.0,0.0,1.0,1.0,0.0,1.0,0.0,1.0,0.0,-7.1225071225071177717e-07
345,1.0,0.0,0.0,1.0,1.0,0.0,1.0,0.0,1.0,0.0,2.0560907022422561235e-06
346,0.0,1.0,0.0,1.0,1.0,0.0,1.0,0.0,1.0,0.0,2.0560907022422561235e-06
347,1.0,1.0,0.0,1.0,1.0,0.0,1.0,0.0,1.0,0.0,-2.3741690408356912773e-07
348,0.0,0.0,1.0,1.0,1.0,0.0,1.0,0.0,1.0,0.0,2.0560907022422561235e-06
349,1.0,0.0,1.0,1.0,1.0,0.0,1.0,0.0,1.0,0.0,-2.3741690408357087473e-07
350,0.0,1.0,1.0,1.0,1.0,0.0,1.0,0.0,1.0,0.0,-2.3741690408357087473e-07
351,1.0,1.0,1.0,1.0,1.0,0.0,1.0,0.0,1.0,0.0,6.853635674140925037e-07
352,0.0,0.0,0.0,0.0,0.0,1.0,1.0,0.0,1.0,0.0,6.1682721067267721823e-06
353,1.0,0.0,0.0,0.0,0.0,1.0,1.0,0.0,1.0,0.0,-7.1225071225071177717e-07
354,0.0,1.0,0.0,0.0,0.0,1.0,1.0,0.0,1.0,0.0,-7.1225071225071177717e-07
355,1.0,1.0,0.0,0.0,0.0,1.0,1.0,0.0,1.0,0.0,2.0560907022422561235e-06
356,0.0,0.0,1.0,0.0,0.0,1.0,1.0,0.0,1.0,0.0,-7.1225071225071177717e-07
357,1.0,0.0,1.0,0.0,0.0,1.0,1.0,0.0,1.0,0.0,2.0560907022422561235e-06
358,0.0,1.0,1.0,0.0,0.0,1.0,1.0,0.0,1.0,0.0,2.0560907022422561235e-06
359,1.0,1.0,1.0,0.0,0.0,1.0,1.0,0.0,1.0,0.0,-2.3741690408356912773e-07
360,0.0,0.0,0.0,1.0,0.0,1.0,1.0,0.0,1.0,0.0,-7.1225071225071177717e-07
361,1.0,0.0,0.0,1.0,0.0,1.0,1.0,0.0,1.0,0.0,2.0560907022422561235e-06
362,0.0,1.0,0.0,1.0,0.0,1.0,1.0,0.0,1.0,0.0,2.0560907022422561235e-06
363,1.0,1.0,0.0,1.0,0.0,1.0,1.0,0.0,1.0,0.0,-2.3741690408356912773e-07
364,0.0,0.0,1.0,1.0,0.0,1.0,1.0,0.0,1.0,0.0,2.0560907022422561235e-06
365,1.0,0.0,1.0,1.0,0.0,1.0,1.0,0.0,1.0,0.0,-2.3741690408357087473e-07
366,0.0,1.0,1.0,1.0,0.0,1.0,1.0,0.0,1.0,0.0,-2.3741690408357087473e-07
367,1.0,1.0,1.0,1.0,0.0,1.0,1.0,0.0,1.0,0.0,6.853635674140925037e-07
368,0.0,0.0,0.0,0.0,1.0,1.0,1.0,0.0,1.0,0.0,-7.1225071225071177717e-07
369,1.0,0.0,0.0,0.0,1.0,1.0,1.0,0.0,1.0,0.0,2.0560907022422561235e-06
370,0.0,1.0,0.0,0.0,1.0,1.0,1.0,0.0,1.0,0.0,2.0560907022422561235e-06
371,1.0,1.0,0.0,0.0,1.0,1.0,1.0,0.0,1.0,0.0,-2.3741690408356912773e-07
372,0.0,0.0,1.0,0.0,1.0,1.0,1.0,0.0,1.0,0.0,2.0560907022422561235e-06
373,1.0,0.0,1.0,0.0,1.0,1.0,1.0,0.0,1.0,0.0,-2.3741690408357087473e-07
374,0.0,1.0,1.0,0.0,1.0,1.0,1.0,0.0,1.0,0.0,-2.3741690408357087473e-07
375,1.0,1.0,1.0,0.0,1.0,1.0,1.0,0.0,1.0,0.0,6.853635674140925037e-07
376,0.0,0.0,0.0,1.0,1.0,1.0,1.0,0.0,1.0,0.0,2.0560907022422561235e-06
377,1.0,0.0,0.0,1.0,1.0,1.0,1.0,0.0,1.0,0.0,-2.3741690408357087473e-07
378,0.0,1.0,0.0,1.0,1.0,1.0,1.0,0.0,1.0,0.0,-2.3741690408357087473e-07
379,1.0,1.0,0.0,1.0,1.0,1.0,1.0,0.0,1.0,0.0,6.853635674140925037e-07
380,0.0,0.0,1.0,1.0,1.0,1.0,1.0,0.0,1.0,0.0,-2.374169040835706365e-07
381,1.0,0.0,1.0,1.0,1.0,1.0,1.0,0.0,1.0,0.0,6.8536356741409239783e-07
382,0.0,1.0,1.0,1.0,1.0,1.0,1.0,0.0,1.0,0.0,6.8536356741409239783e-07
383,1.0,1.0,1.0,1.0,1.0,1.0,1.0,0.0,1.0,0.0,-7.913896802788098398e-08
384,0.0,0.0,0.0,0.0,0.0,0.0,0.0,1.0,1.0,0.0,-2.1367521367521364962e-06
385,1.0,0.0,0.0,0.0,0.0,0.0,0.0,1.0,1.0,0.0,6.1682721067267721823e-06
386,0.0,1.0,0.0,0.0,0.0,0.0,0.0,1.0,1.0,0.0,6.1682721067267721823e-06
387,1.0,1.0,0.0,0.0,0.0,0.0,0.0,1.0,1.0,0.0,-7.122507122507132595e-07
388,0.0,0.0,1.0,0.0,0.0,0.0,0.0,1.0,1.0,0.0,6.1682721067267721823e-06
389,1.0,0.0,1.0,0.0,0.0,0.0,0.0,1.0,1.0,0.0,-7.1225071225071177717e-07
390,0.0,1.0,1.0,0.0,0.0,0.0,0.0,1.0,1.0,0.0,-7.1225071225071177717e-07
391,1.0,1.0,1.0,0.0,0.0,0.0,0.0,1.0,1.0,0.0,2.0560907022422561235e-06
392,0.0,0.0,0.0,1.0,0.0,0.0,0.0,1.0,1.0,0.0,6.1682721067267721823e-06
393,1.0,0.0,0.0,1.0,0.0,0.0,0.0,1.0,1.0,0.0,-7.1225071225071177717e-07
394,0.0,1.0,0.0,1.0,0.0,0.0,0.0,1.0,1.0,0.0,-7.1225071225071177717e-07
395,1.0,1.0,0.0,1.0,0.0,0.0,0.0,1.0,1.0,0.0,2.0560907022422561235e-06
396,0.0,0.0,1.0,1.0,0.0,0.0,0.0,1.0,1.0,0.0,-7.1225071225071177717e-07
397,1.0,0.0,1.0,1.0,0.0,0.0,0.0,1.0,1.0,0.0,2.0560907022422561235e-06
398,0.0,1.0,1.0,1.0,0.0,0.0,0.0,1.0,1.0,0.0,2.0560907022422561235e-06
399,1.0,1.0,1.0,1.0,0.0,0.0,0.0,1.0,1.0,0.0,-2.3741690408356912773e-07
400,0.0,0.0,0.0,0.0,1.0,0.0,0.0,1.0,1.0,0.0,6.1682721067267721823e-06
401,1.0,0.0,0.0,0.0,1.0,0.0,0.0,1.0,1.0,0.0,-7.1225071225071177717e-07
402,0.0,1.0,0.0,0.0,1.0,0.0,0.0,1.0,1.0,0.0,-7.1225071225071177717e-07
403,1.0,1.0,0.0,0.0,1.0,0.0,0.0,1.0,1.0,0.0,2.0560907022422561235e-06
404,0.0,0.0,1.0,0.0,1.0,0.0,0.0,1.0,1.0,0.0,-7.1225071225071177717e-07
405,1.0,0.0,1.0,0.0,1.0,0.0,0.0,1.0,1.0,0.0,2.0560907022422561235e-06
406,0.0,1.0,1.0,0.0,1.0,0.0,0.0,1.0,1.0,0.0,2.0560907022422561235e-06
407,1.0,1.0,1.0,0.0,1.0,0.0,0.0,1.0,1.0,0.0,-2.3741690408356912773e-07
408,0.0,0.0,0.0,1.0,1.0,0.0,0.0,1.0,1.0,0.0,-7.1225071225071177717e-07
409,1.0,0.0,0.0,1.0,1.0,0.0,0.0,1.0,1.0,0.0,2.0560907022422561235e-06
410,0.0,1.0,0.0,1.0,1.0,0.0,0.0,1.0,1.0,0.0,2.0560907022422561235e-06
411,1.0,1.0,0.0,1.0,1.0,0.0,0.0,1.0,1.0,0.0,-2.3741690408356912773e-07
412,0.0,0.0,1.0,1.0,1.0,0.0,0.0,1.0,1.0,0.0,2.0560907022422561235e-06
413,1.0,0.0,1.0,1.0,1.0,0.0,0.0,1.0,1.0,0.0,-2.3741690408357087473e-07
414,0.0,1.0,1.0,1.0,1.0,0.0,0.0,1.0,1.0,0.0,-2.3741690408357087473e-07
415,1.0,1.0,1.0,1.0,1.0,0.0,0.0,1.0,1.0,0.0,6.853635674140925037e-07
416,0.0,0.0,0.0,0.0,0.0,1.0,0.0,1.0,1.0,0.0,6.1682721067267721823e-06
417,1.0,0.0,0.0,0.0,0.0,1.0,0.0,1.0,1.0,0.0,-7.1225071225071177717e-07
418,0.0,1.0,0.0,0.0,0.0,1.0,0.0,1.0,1.0,0.0,-7.1225071225071177717e-07
419,1.0,1.0,0.0,0.0,0.0,1.0,0.0,1.0,1.0,0.0,2.0560907022422561235e-06
420,0.0,0.0,1.0,0.0,0.0,1.0,0.0,1.0,1.0,0.0,-7.1225071225071177717e-07
421,1.0,0.0,1.0,0.0,0.0,1.0,0.0,1.0,1.0,0.0,2.0560907022422561235e-06
422,0.0,1.0,1.0,0.0,0.0,1.0,0.0,1.0,1.0,0.0,2.0560907022422561235e-06
423,1.0,1.0,1.0,0.0,0.0,1.0,0.0,1.0,1.0,0.0,-2.3741690408356912773e-07
424,0.0,0.0,0.0,1.0,0.0,1.0,0.0,1.0,1.0,0.0,-7.1225071225071177717e-07
425,1.0,0.0,0.0,1.0,0.0,1.0,0.0,1.0,1.0,0.0,2.0560907022422561235e-06
426,0.0,1.0,0.0,1.0,0.0,1.0,0.0,1.0,1.0,0.0,2.0560907022422561235e-06
427,1.0,1.0,0.0,1.0,0.0,1.0,0.0,1.0,1.0,0.0,-2.3741690408356912773e-07
428,0.0,0.0,1.0,1.0,0.0,1.0,0.0,1.0,1.0,0.0,2.0560907022422561235e-06
429,1.0,0.0,1.0,1.0,0.0,1.0,0.0,1.0,1.0,0.0,-2.3741690408357087473e-07
430,0.0,1.0,1.0,1.0,0.0,1.0,0.0,1.0,1.0,0.0,-2.3741690408357087473e-07
431,1.0,1.0,1.0,1.0,0.0,1.0,0.0,1.0,1.0,0.0,6.853635674140925037e-07
432,0.0,0.0,0.0,0.0,1.0,1.0,0.0,1.0,1.0,0.0,-7.1225071225071177717e-07
433,1.0,0.0,0.0,0.0,1.0,1.0,0.0,1.0,1.0,0.0,2.0560907022422561235e-06
434,0.0,1.0,0.0,0.0,1.0,1.0,0.0,1.0,1.0,0.0,2.0560907022422561235e-06
435,1.0,1.0,0.0,0.0,1.0,1.0,0.0,1.0,1.0,0.0,-2.3741690408356912773e-07
436,0.0,0.0,1.0,0.0,1.0,1.0,0.0,1.0,1.0,0.0,2.0560907022422561235e-06
437,1.0,0.0,1.0,0.0,1.0,1.0,0.0,1.0,1.0,0.0,-2.3741690408357087473e-07
438,0.0,1.0,1.0,0.0,1.0,1.0,0.0,1.0,1.0,0.0,-2.3741690408357087473e-07
439,1.0,1.0,1.0,0.0,1.0,1.0,0.0,1.0,1.0,0.0,6.853635674140925037e-07
440,0.0,0.0,0.0,1.0,1.0,1.0,0.0,1.0,1.0,0.0,2.0560907022422561235e-06
441,1.0,0.0,0.0,1.0,1.0,1.0,0.0,1.0,1.0,0.0,-2.3741690408357087473e-07
442,0.0,1.0,0.0,1.0,1.0,1.0,0.0,1.0,1.0,0.0,-2.3741690408357087473e-07
443,1.0,1.0,0.0,1.0,1.0,1.0,0.0,1.0,1.0,0.0,6.853635674140925037e-07
444,0.0,0.0,1.0,1.0,1.0,1.0,0.0,1.0,1.0,0.0,-2.374169040835706365e-07
445,1.0,0.0,1.0,1.0,1.0,1.0,0.0,1.0,1.0,0.0,6.8536356741409239783e-07
446,0.0,1.0,1.0,1.0,1.0,1.0,0.0,1.0,1.0,0.0,6.8536356741409239783e-07
447,1.0,1.0,1.0,1.0,1.0,1.0,0.0,1.0,1.0,0.0,-7.913896802788098398e-08
448,0.0,0.0,0.0,0.0,0.0,0.0,1.0,1.0,1.0,0.0,6.1682721067267721823e-06
449,1.0,0.0,0.0,0.0,0.0,0.0,1.0,1.0,1.0,0.0,-7.1225071225071177717e-07
450,0.0,1.0,0.0,0.0,0.0,0.0,1.0,1.0,1.0,0.0,-7.1225071225071177717e-07
451,1.0,1.0,0.0,0.0,0.0,0.0,1.0,1.0,1.0,0.0,2.0560907022422561235e-06
452,0.0,0.0,1.0,0.0,0.0,0.0,1.0,1.0,1.0,0.0,-7.1225071225071177717e-07
453,1.0,0.0,1.0,0.0,0.0,0.0,1.0,1.0,1.0,0.0,2.0560907022422561235e-06
454,0.0,1.0,1.0,0.0,0.0,0.0,1.0,1.0,1.0,0.0,2.0560907022422561235e-06
455,1.0,1.0,1.0,0.0,0.0,0.0,1.0,1.0,1.0,0.0,-2.3741690408356912773e-07
456,0.0,0.0,0.0,1.0,0.0,0.0,1.0,1.0,1.0,0.0,-7.1225071225071177717e-07
457,1.0,0.0,0.0,1.0,0.0,0.0,1.0,1.0,1.0,0.0,2.0560907022422561235e-06
458,0.0,1.0,0.0,1.0,0.0,0.0,1.0,1.0,1.0,0.0,2.0560907022422561235e-06
459,1.0,1.0,0.0,1.0,0.0,0.0,1.0,1.0,1.0,0.0,-2.3741690408356912773e-07
460,0.0,0.0,1.0,1.0,0.0,0.0,1.0,1.0,1.0,0.0,2.0560907022422561235e-06
461,1.0,0.0,1.0,1.0,0.0,0.0,1.0,1.0,1.0,0.0,-2.3741690408357087473e-07
462,0.0,1.0,1.0,1.0,0.0,0.0,1.0,1.0,1.0,0.0,-2.3741690408357087473e-07
463,1.0,1.0,1.0,1.0,0.0,0.0,1.0,1.0,1.0,0.0,6.853635674140925037e-07
464,0.0,0.0,0.0,0.0,1.0,0.0,1.0,1.0,1.0,0.0,-7.1225071225071177717e-07
465,1.0,0.0,0.0,0.0,1.0,0.0,1.0,1.0,1.0,0.0,2.0560907022422561235e-06
466,0.0,1.0,0.0,0.0,1.0,0.0,1.0,1.0,1.0,0.0,2.0560907022422561235e-06
467,1.0,1.0,0.0,0.0,1.0,0.0,1.0,1.0,1.0,0.0,-2.3741690408356912773e-07
468,0.0,0.0,1.0,0.0,1.0,0.0,1.0,1.0,1.0,0.0,2.0560907022422561235e-06
469,1.0,0.0,1.0,0.0,1.0,0.0,1.0,1.0,1.0,0.0,-2.3741690408357087473e-07
470,0.0,1.0,1.0,0.0,1.0,0.0,1.0,1.0,1.0,0.0,-2.3741690408357087473e-07
471,1.0,1.0,1.0,0.0,1.0,0.0,1.0,1.0,1.0,0.0,6.853635674140925037e-07
472,0.0,0.0,0.0,1.0,1.0,0.0,1.0,1.0,1.0,0.0,2.0560907022422561235e-06
473,1.0,0.0,0.0,1.0,1.0,0.0,1.0,1.0,1.0,0.0,-2.3741690408357087473e-07
474,0.0,1.0,0.0,1.0,1.0,0.0,1.0,1.0,1.0,0.0,-2.3741690408357087473e-07
475,1.0,1.0,0.0,1.0,1.0,0.0,1.0,1.0,1.0,0.0,6.853635674140925037e-07
476,0.0,0.0,1.0,1.0,1.0,0.0,1.0,1.0,1.0,0.0,-2.374169040835706365e-07
477,1.0,0.0,1.0,1.0,1.0,0.0,1.0,1.0,1.0,0.0,6.8536356741409239783e-07
478,0.0,1.0,1.0,1.0,1.0,0.0,1.0,1.0,1.0,0.0,6.8536356741409239783e-07
479,1.0,1.0,1.0,1.0,1.0,0.0,1.0,1.0,1.0,0.0,-7.913896802788098398e-08
480,0.0,0.0,0.0,0.0,0.0,1.0,1.0,1.0,1.0,0.0,-7.1225071225071177717e-07
481,1.0,0.0,0.0,0.0,0.0,1.0,1.0,1.0,1.0,0.0,2.0560907022422561235e-06
482,0.0,1.0,0.0,0.0,0.0,1.0,1.0,1.0,1.0,0.0,2.0560907022422561235e-06
483,1.0,1.0,0.0,0.0,0.0,1.0,1.0,1.0,1.0,0.0,-2.3741690408356912773e-07
484,0.0,0.0,1.0,0.0,0.0,1.0,1.0,1.0,1.0,0.0,2.0560907022422561235e-06
485,1.0,0.0,1.0,0.0,0.0,1.0,1.0,1.0,1.0,0.0,-2.3741690408357087473e-07
486,0.0,1.0,1.0,0.0,0.0,1.0,1.0,1.0,1.0,0.0,-2.3741690408357087473e-07
487,1.0,1.0,1.0,0.0,0.0,1.0,1.0,1.0,1.0,0.0,6.853635674140925037e-07
488,0.0,0.0,0.0,1.0,0.0,1.0,1.0,1.0,1.0,0.0,2.0560907022422561235e-06
489,1.0,0.0,0.0,1.0,0.0,1.0,1.0,1.0,1.0,0.0,-2.3741690408357087473e-07
490,0.0,1.0,0.0,1.0,0.0,1.0,1.0,1.0,1.0,0.0,-2.3741690408357087473e-07
491,1.0,1.0,0.0,1.0,0.0,1.0,1.0,1.0,1.0,0.0,6.853635674140925037e-07
492,0.0,0.0,1.0,1.0,0.0,1.0,1.0,1.0,1.0,0.0,-2.374169040835706365e-07
493,1.0,0.0,1.0,1.0,0.0,1.0,1.0,1.0,1.0,0.0,6.8536356741409239783e-07
494,0.0,1.0,1.0,1.0,0.0,1.0,1.0,1.0,1.0,0.0,6.8536356741409239783e-07
495,1.0,1.0,1.0,1.0,0.0,1.0,1.0,1.0,1.0,0.0,-7.913896802788098398e-08
496,0.0,0.0,0.0,0.0,1.0,1.0,1.0,1.0,1.0,0.0,2.0560907022422561235e-06
497,1.0,0.0,0.0,0.0,1.0,1.0,1.0,1.0,1.0,0.0,-2.3741690408357087473e-07
498,0.0,1.0,0.0,0.0,1.0,1.0,1.0,1.0,1.0,0.0,-2.3741690408357087473e-07
499,1.0,1.0,0.0,0.0,1.0,1.0,1.0,1.0,1.0,0.0,6.853635674140925037e-07
500,0.0,0.0,1.0,0.0,1.0,1.0,1.0,1.0,1.0,0.0,-2.374169040835706365e-07
501,1.0,0.0,1.0,0.0,1.0,1.0,1.0,1.0,1.0,0.0,6.8536356741409239783e-07
502,0.0,1.0,1.0,0.0,1.0,1.0,1.0,1.0,1.0,0.0,6.8536356741409239783e-07
503,1.0,1.0,1.0,0.0,1.0,1.0,1.0,1.0,1.0,0.0,-7.913896802788098398e-08
504,0.0,0.0,0.0,1.0,1.0,1.0,1.0,1.0,1.0,0.0,-2.374169040835706365e-07
505,1.0,0.0,0.0,1.0,1.0,1.0,1.0,1.0,1.0,0.0,6.8536356741409239783e-07
506,0.0,1.0,0.0,1.0,1.0,1.0,1.0,1.0,1.0,0.0,6.8536356741409239783e-07
507,1.0,1.0,0.0,1.0,1.0,1.0,1.0,1.0,1.0,0.0,-7.913896802788098398e-08
508,0.0,0.0,1.0,1.0,1.0,1.0,1.0,1.0,1.0,0.0,6.853635674140900685e-07
509,1.0,0.0,1.0,1.0,1.0,1.0,1.0,1.0,1.0,0.0,-7.9138968027878310533e-08
510,0.0,1.0,1.0,1.0,1.0,1.0,1.0,1.0,1.0,0.0,-7.9138968027878310533e-08
511,1.0,1.0,1.0,1.0,1.0,1.0,1.0,1.0,1.0,0.0,2.2845452247139120237e-07
512,0.0,0.0,0.0,0.0,0.0,0.0,0.0,0.0,0.0,1.0,7.4019265280721264493e-06
513,1.0,0.0,0.0,0.0,0.0,0.0,0.0,0.0,0.0,1.0,4.2735042735042746864e-06
514,0.0,1.0,0.0,0.0,0.0,0.0,0.0,0.0,0.0,1.0,4.2735042735042746864e-06
515,1.0,1.0,0.0,0.0,0.0,0.0,0.0,0.0,0.0,1.0,2.4673088426907098046e-06
516,0.0,0.0,1.0,0.0,0.0,0.0,0.0,0.0,0.0,1.0,4.2735042735042746864e-06
517,1.0,0.0,1.0,0.0,0.0,0.0,0.0,0.0,0.0,1.0,2.4673088426907089576e-06
518,0.0,1.0,1.0,0.0,0.0,0.0,0.0,0.0,0.0,1.0,2.4673088426907089576e-06
519,1.0,1.0,1.0,0.0,0.0,0.0,0.0,0.0,0.0,1.0,1.4245014245014248249e-06
520,0.0,0.0,0.0,1.0,0.0,0.0,0.0,0.0,0.0,1.0,4.2735042735042746864e-06
521,1.0,0.0,0.0,1.0,0.0,0.0,0.0,0.0,0.0,1.0,2.4673088426907089576e-06
522,0.0,1.0,0.0,1.0,0.0,0.0,0.0,0.0,0.0,1.0,2.4673088426907089576e-06
523,1.0,1.0,0.0,1.0,0.0,0.0,0.0,0.0,0.0,1.0,1.4245014245014248249e-06
524,0.0,0.0,1.0,1.0,0.0,0.0,0.0,0.0,0.0,1.0,2.4673088426907089576e-06
525,1.0,0.0,1.0,1.0,0.0,0.0,0.0,0.0,0.0,1.0,1.4245014245014248249e-06
526,0.0,1.0,1.0,1.0,0.0,0.0,0.0,0.0,0.0,1.0,1.4245014245014248249e-06
527,1.0,1.0,1.0,1.0,0.0,0.0,0.0,0.0,0.0,1.0,8.2243628089690302116e-07
528,0.0,0.0,0.0,0.0,1.0,0.0,0.0,0.0,0.0,1.0,4.2735042735042746864e-06
529,1.0,0.0,0.0,0.0,1.0,0.0,0.0,0.0,0.0,1.0,2.4673088426907089576e-06
530,0.0,1.0,0.0,0.0,1.0,0.0,0.0,0.0,0.0,1.0,2.4673088426907089576e-06
531,1.0,1.0,0.0,0.0,1.0,0.0,0.0,0.0,0.0,1.0,1.4245014245014248249e-06
532,0.0,0.0,1.0,0.0,1.0,0.0,0.0,0.0,0.0,1.0,2.4673088426907089576e-06
533,1.0,0.0,1.0,0.0,1.0,0.0,0.0,0.0,0.0,1.0,1.4245014245014248249e-06
534,0.0,1.0,1.0,0.0,1.0,0.0,0.0,0.0,0.0,1.0,1.4245014245014248249e-06
535,1.0,1.0,1.0,0.0,1.0,0.0,0.0,0.0,0.0,1.0,8.2243628089690302116e-07
536,0.0,0.0,0.0,1.0,1.0,0.0,0.0,0.0,0.0,1.0,2.4673088426907089576e-06
537,1.0,0.0,0.0,1.0,1.0,0.0,0.0,0.0,0.0,1.0,1.4245014245014248249e-06
538,0.0,1.0,0.0,1.0,1.0,0.0,0.0,0.0,0.0,1.0,1.4245014245014248249e-06
539,1.0,1.0,0.0,1.0,1.0,0.0,0.0,0.0,0.0,1.0,8.2243628089690302116e-07
540,0.0,0.0,1.0,1.0,1.0,0.0,0.0,0.0,0.0,1.0,1.4245014245014248249e-06
541,1.0,0.0,1.0,1.0,1.0,0.0,0.0,0.0,0.0,1.0,8.2243628089690302116e-07
542,0.0,1.0,1.0,1.0,1.0,0.0,0.0,0.0,0.0,1.0,8.2243628089690302116e-07
543,1.0,1.0,1.0,1.0,1.0,0.0,0.0,0.0,0.0,1.0,4.7483380816714169653e-07
544,0.0,0.0,0.0,0.0,0.0,1.0,0.0,0.0,0.0,1.0,4.2735042735042746864e-06
545,1.0,0.0,0.0,0.0,0.0,1.0,0.0,0.0,0.0,1.0,2.4673088426907089576e-06
546,0.0,1.0,0.0,0.0,0.0,1.0,0.0,0.0,0.0,1.0,2.4673088426907089576e-06
547,1.0,1.0,0.0,0.0,0.0,1.0,0.0,0.0,0.0,1.0,1.4245014245014248249e-06
548,0.0,0.0,1.0,0.0,0.0,1.0,0.0,0.0,0.0,1.0,2.4673088426907089576e-06
549,1.0,0.0,1.0,0.0,0.0,1.0,0.0,0.0,0.0,1.0,1.4245014245014248249e-06
550,0.0,1.0,1.0,0.0,0.0,1.0,0.0,0.0,0.0,1.0,1.4245014245014248249e-06
551,1.0,1.0,1.0,0.0,0.0,1.0,0.0,0.0,0.0,1.0,8.2243628089690302116e-07
552,0.0,0.0,0.0,1.0,0.0,1.0,0.0,0.0,0.0,1.0,2.4673088426907089576e-06
553,1.0,0.0,0.0,1.0,0.0,1.0,0.0,0.0,0.0,1.0,1.4245014245014248249e-06
554,0.0,1.0,0.0,1.0,0.0,1.0,0.0,0.0,0.0,1.0,1.4245014245014248249e-06
555,1.0,1.0,0.0,1.0,0.0,1.0,0.0,0.0,0.0,1.0,8.2243628089690302116e-07
556,0.0,0.0,1.0,1.0,0.0,1.0,0.0,0.0,0.0,1.0,1.4245014245014248249e-06
557,1.0,0.0,1.0,1.0,0.0,1.0,0.0,0.0,0.0,1.0,8.2243628089690302116e-07
558,0.0,1.0,1.0,1.0,0.0,1.0,0.0,0.0,0.0,1.0,8.2243628089690302116e-07
559,1.0,1.0,1.0,1.0,0.0,1.0,0.0,0.0,0.0,1.0,4.7483380816714169653e-07
560,0.0,0.0,0.0,0.0,1.0,1.0,0.0,0.0,0.0,1.0,2.4673088426907089576e-06
561,1.0,0.0,0.0,0.0,1.0,1.0,0.0,0.0,0.0,1.0,1.4245014245014248249e-06
562,0.0,1.0,0.0,0.0,1.0,1.0,0.0,0.0,0.0,1.0,1.4245014245014248249e-06
563,1.0,1.0,0.0,0.0,1.0,1.0,0.0,0.0,0.0,1.0,8.2243628089690302116e-07
564,0.0,0.0,1.0,0.0,1.0,1.0,0.0,0.0,0.0,1.0,1.4245014245014248249e-06
565,1.0,0.0,1.0,0.0,1.0,1.0,0.0,0.0,0.0,1.0,8.2243628089690302116e-07
566,0.0,1.0,1.0,0.0,1.0,1.0,0.0,0.0,0.0,1.0,8.2243628089690302116e-07
567,1.0,1.0,1.0,0.0,1.0,1.0,0.0,0.0,0.0,1.0,4.7483380816714169653e-07
568,0.0,0.0,0.0,1.0,1.0,1.0,0.0,0.0,0.0,1.0,1.4245014245014248249e-06
569,1.0,0.0,0.0,1.0,1.0,1.0,0.0,0.0,0.0,1.0,8.2243628089690302116e-07
570,0.0,1.0,0.0,1.0,1.0,1.0,0.0,0.0,0.0,1.0,8.2243628089690302116e-07
571,1.0,1.0,0.0,1.0,1.0,1.0,0.0,0.0,0.0,1.0,4.7483380816714169653e-07
572,0.0,0.0,1.0,1.0,1.0,1.0,0.0,0.0,0.0,1.0,8.2243628089690302116e-07
573,1.0,0.0,1.0,1.0,1.0,1.0,0.0,0.0,0.0,1.0,4.7483380816714169653e-07
574,0.0,1.0,1.0,1.0,1.0,1.0,0.0,0.0,0.0,1.0,4.7483380816714169653e-07
575,1.0,1.0,1.0,1.0,1.0,1.0,0.0,0.0,0.0,1.0,2.7414542696563437568e-07
576,0.0,0.0,0.0,0.0,0.0,0.0,1.0,0.0,0.0,1.0,4.2735042735042746864e-06
577,1.0,0.0,0.0,0.0,0.0,0.0,1.0,0.0,0.0,1.0,2.4673088426907089576e-06
578,0.0,1.0,0.0,0.0,0.0,0.0,1.0,0.0,0.0,1.0,2.4673088426907089576e-06
579,1.0,1.0,0.0,0.0,0.0,0.0,1.0,0.0,0.0,1.0,1.4245014245014248249e-06
580,0.0,0.0,1.0,0.0,0.0,0.0,1.0,0.0,0.0,1.0,2.4673088426907089576e-06
581,1.0,0.0,1.0,0.0,0.0,0.0,1.0,0.0,0.0,1.0,1.4245014245014248249e-06
582,0.0,1.0,1.0,0.0,0.0,0.0,1.0,0.0,0.0,1.0,1.4245014245014248249e-06
583,1.0,1.0,1.0,0.0,0.0,0.0,1.0,0.0,0.0,1.0,8.2243628089690302116e-07
584,0.0,0.0,0.0,1.0,0.0,0.0,1.0,0.0,0.0,1.0,2.4673088426907089576e-06
585,1.0,0.0,0.0,1.0,0.0,0.0,1.0,0.0,0.0,1.0,1.4245014245014248249e-06
586,0.0,1.0,0.0,1.0,0.0,0.0,1.0,0.0,0.0,1.0,1.4245014245014248249e-06
587,1.0,1.0,0.0,1.0,0.0,0.0,1.0,0.0,0.0,1.0,8.2243628089690302116e-07
588,0.0,0.0,1.0,1.0,0.0,0.0,1.0,0.0,0.0,1.0,1.4245014245014248249e-06
589,1.0,0.0,1.0,1.0,0.0,0.0,1.0,0.0,0.0,1.0,8.2243628089690302116e-07
590,0.0,1.0,1.0,1.0,0.0,0.0,1.0,0.0,0.0,1.0,8.2243628089690302116e-07
591,1.0,1.0,1.0,1.0,0.0,0.0,1.0,0.0,0.0,1.0,4.7483380816714169653e-07
592,0.0,0.0,0.0,0.0,1.0,0.0,1.0,0.0,0.0,1.0,2.4673088426907089576e-06
593,1.0,0.0,0.0,0.0,1.0,0.0,1.0,0.0,0.0,1.0,1.4245014245014248249e-06
594,0.0,1.0,0.0,0.0,1.0,0.0,1.0,0.0,0.0,1.0,1.4245014245014248249e-06
595,1.0,1.0,0.0,0.0,1.0,0.0,1.0,0.0,0.0,1.0,8.2243628089690302116e-07
596,0.0,0.0,1.0,0.0,1.0,0.0,1.0,0.0,0.0,1.0,1.4245014245014248249e-06
597,1.0,0.0,1.0,0.0,1.0,0.0,1.0,0.0,0.0,1.0,8.2243628089690302116e-07
598,0.0,1.0,1.0,0.0,1.0,0.0,1.0,0.0,0.0,1.0,8.2243628089690302116e-07
599,1.0,1.0,1.0,0.0,1.0,0.0,1.0,0.0,0.0,1.0,4.7483380816714169653e-07
600,0.0,0.0,0.0,1.0,1.0,0.0,1.0,0.0,0.0,1.0,1.4245014245014248249e-06
601,1.0,0.0,0.0,1.0,1.0,0.0,1.0,0.0,0.0,1.0,8.2243628089690302116e-07
602,0.0,1.0,0.0,1.0,1.0,0.0,1.0,0.0,0.0,1.0,8.2243628089690302116e-07
603,1.0,1.0,0.0,1.0,1.0,0.0,1.0,0.0,0.0,1.0,4.7483380816714169653e-07
604,0.0,0.0,1.0,1.0,1.0,0.0,1.0,0.0,0.0,1.0,8.2243628089690302116e-07
605,1.0,0.0,1.0,1.0,1.0,0.0,1.0,0.0,0.0,1.0,4.7483380816714169653e-07
606,0.0,1.0,1.0,1.0,1.0,0.0,1.0,0.0,0.0,1.0,4.7483380816714169653e-07
607,1.0,1.0,1.0,1.0,1.0,0.0,1.0,0.0,0.0,1.0,2.7414542696563437568e-07
608,0.0,0.0,0.0,0.0,0.0,1.0,1.0,0.0,0.0,1.0,2.4673088426907089576e-06
609,1.0,0.0,0.0,0.0,0.0,1.0,1.0,0.0,0.0,1.0,1.4245014245014248249e-06
610,0.0,1.0,0.0,0.0,0.0,1.0,1.0,0.0,0.0,1.0,1.4245014245014248249e-06
611,1.0,1.0,0.0,0.0,0.0,1.0,1.0,0.0,0.0,1.0,8.2243628089690302116e-07
612,0.0,0.0,1.0,0.0,0.0,1.0,1.0,0.0,0.0,1.0,1.4245014245014248249e-06
613,1.0,0.0,1.0,0.0,0.0,1.0,1.0,0.0,0.0,1.0,8.2243628089690302116e-07
614,0.0,1.0,1.0,0.0,0.0,1.0,1.0,0.0,0.0,1.0,8.2243628089690302116e-07
615,1.0,1.0,1.0,0.0,0.0,1.0,1.0,0.0,0.0,1.0,4.7483380816714169653e-07
616,0.0,0.0,0.0,1.0,0.0,1.0,1.0,0.0,0.0,1.0,1.4245014245014248249e-06
617,1.0,0.0,0.0,1.0,0.0,1.0,1.0,0.0,0.0,1.0,8.2243628089690302116e-07
618,0.0,1.0,0.0,1.0,0.0,1.0,1.0,0.0,0.0,1.0,8.2243628089690302116e-07
619,1.0,1.0,0.0,1.0,0.0,1.0,1.0,0.0,0.0,1.0,4.7483380816714169653e-07
620,0.0,0.0,1.0,1.0,0.0,1.0,1.0,0.0,0.0,1.0,8.2243628089690302116e-07
621,1.0,0.0,1.0,1.0,0.0,1.0,1.0,0.0,0.0,1.0,4.7483380816714169653e-07
622,0.0,1.0,1.0,1.0,0.0,1.0,1.0,0.0,0.0,1.0,4.7483380816714169653e-07
623,1.0,1.0,1.0,1.0,0.0,1.0,1.0,0.0,0.0,1.0,2.7414542696563437568e-07
624,0.0,0.0,0.0,0.0,1.0,1.0,1.0,0.0,0.0,1.0,1.4245014245014248249e-06
625,1.0,0.0,0.0,0.0,1.0,1.0,1.0,0.0,0.0,1.0,8.2243628089690302116e-07
626,0.0,1.0,0.0,0.0,1.0,1.0,1.0,0.0,0.0,1.0,8.2243628089690302116e-07
627,1.0,1.0,0.0,0.0,1.0,1.0,1.0,0.0,0.0,1.0,4.7483380816714169653e-07
628,0.0,0.0,1.0,0.0,1.0,1.0,1.0,0.0,0.0,1.0,8.2243628089690302116e-07
629,1.0,0.0,1.0,0.0,1.0,1.0,1.0,0.0,0.0,1.0,4.7483380816714169653e-07
630,0.0,1.0,1.0,0.0,1.0,1.0,1.0,0.0,0.0,1.0,4.7483380816714169653e-07
631,1.0,1.0,1.0,0.0,1.0,1.0,1.0,0.0,0.0,1.0,2.7414542696563437568e-07
632,0.0,0.0,0.0,1.0,1.0,1.0,1.0,0.0,0.0,1.0,8.2243628089690302116e-07
633,1.0,0.0,0.0,1.0,1.0,1.0,1.0,0.0,0.0,1.0,4.7483380816714169653e-07
634,0.0,1.0,0.0,1.0,1.0,1.0,1.0,0.0,0.0,1.0,4.7483380816714169653e-07
635,1.0,1.0,0.0,1.0,1.0,1.0,1.0,0.0,0.0,1.0,2.7414542696563437568e-07
636,0.0,0.0,1.0,1.0,1.0,1.0,1.0,0.0,0.0,1.0,4.7483380816714169653e-07
637,1.0,0.0,1.0,1.0,1.0,1.0,1.0,0.0,0.0,1.0,2.7414542696563437568e-07
638,0.0,1.0,1.0,1.0,1.0,1.0,1.0,0.0,0.0,1.0,2.7414542696563437568e-07
639,1.0,1.0,1.0,1.0,1.0,1.0,1.0,0.0,0.0,1.0,1.5827793605571392531e-07
640,0.0,0.0,0.0,0.0,0.0,0.0,0.0,1.0,0.0,1.0,4.2735042735042746864e-06
641,1.0,0.0,0.0,0.0,0.0,0.0,0.0,1.0,0.0,1.0,2.4673088426907089576e-06
642,0.0,1.0,0.0,0.0,0.0,0.0,0.0,1.0,0.0,1.0,2.4673088426907089576e-06
643,1.0,1.0,0.0,0.0,0.0,0.0,0.0,1.0,0.0,1.0,1.4245014245014248249e-06
644,0.0,0.0,1.0,0.0,0.0,0.0,0.0,1.0,0.0,1.0,2.4673088426907089576e-06
645,1.0,0.0,1.0,0.0,0.0,0.0,0.0,1.0,0.0,1.0,1.4245014245014248249e-06
646,0.0,1.0,1.0,0.0,0.0,0.0,0.0,1.0,0.0,1.0,1.4245014245014248249e-06
647,1.0,1.0,1.0,0.0,0.0,0.0,0.0,1.0,0.0,1.0,8.2243628089690302116e-07
648,0.0,0.0,0.0,1.0,0.0,0.0,0.0,1.0,0.0,1.0,2.4673088426907089576e-06
649,1.0,0.0,0.0,1.0,0.0,0.0,0.0,1.0,0.0,1.0,1.4245014245014248249e-06
650,0.0,1.0,0.0,1.0,0.0,0.0,0.0,1.0,0.0,1.0,1.4245014245014248249e-06
651,1.0,1.0,0.0,1.0,0.0,0.0,0.0,1.0,0.0,1.0,8.2243628089690302116e-07
652,0.0,0.0,1.0,1.0,0.0,0.0,0.0,1.0,0.0,1.0,1.4245014245014248249e-06
653,1.0,0.0,1.0,1.0,0.0,0.0,0.0,1.0,0.0,1.0,8.2243628089690302116e-07
654,0.0,1.0,1.0,1.0,0.0,0.0,0.0,1.0,0.0,1.0,8.2243628089690302116e-07
655,1.0,1.0,1.0,1.0,0.0,0.0,0.0,1.0,0.0,1.0,4.7483380816714169653e-07
656,0.0,0.0,0.0,0.0,1.0,0.0,0.0,1.0,0.0,1.0,2.4673088426907089576e-06
657,1.0,0.0,0.0,0.0,1.0,0.0,0.0,1.0,0.0,1.0,1.4245014245014248249e-06
658,0.0,1.0,0.0,0.0,1.0,0.0,0.0,1.0,0.0,1.0,1.4245014245014248249e-06
659,1.0,1.0,0.0,0.0,1.0,0.0,0.0,1.0,0.0,1.0,8.2243628089690302116e-07
660,0.0,0.0,1.0,0.0,1.0,0.0,0.0,1.0,0.0,1.0,1.4245014245014248249e-06
661,1.0,0.0,1.0,0.0,1.0,0.0,0.0,1.0,0.0,1.0,8.2243628089690302116e-07
662,0.0,1.0,1.0,0.0,1.0,0.0,0.0,1.0,0.0,1.0,8.2243628089690302116e-07
663,1.0,1.0,1.0,0.0,1.0,0.0,0.0,1.0,0.0,1.0,4.7483380816714169653e-07
664,0.0,0.0,0.0,1.0,1.0,0.0,0.0,1.0,0.0,1.0,1.4245014245014248249e-06
665,1.0,0.0,0.0,1.0,1.0,0.0,0.0,1.0,0.0,1.0,8.2243628089690302116e-07
666,0.0,1.0,0.0,1.0,1.0,0.0,0.0,1.0,0.0,1.0,8.2243628089690302116e-07
667,1.0,1.0,0.0,1.0,1.0,0.0,0.0,1.0,0.0,1.0,4.7483380816714169653e-07
668,0.0,0.0,1.0,1.0,1.0,0.0,0.0,1.0,0.0,1.0,8.2243628089690302116e-07
669,1.0,0.0,1.0,1.0,1.0,0.0,0.0,1.0,0.0,1.0,4.7483380816714169653e-07
670,0.0,1.0,1.0,1.0,1.0,0.0,0.0,1.0,0.0,1.0,4.7483380816714169653e-07
671,1.0,1.0,1.0,1.0,1.0,0.0,0.0,1.0,0.0,1.0,2.7414542696563437568e-07
672,0.0,0.0,0.0,0.0,0.0,1.0,0.0,1.0,0.0,1.0,2.4673088426907089576e-06
673,1.0,0.0,0.0,0.0,0.0,1.0,0.0,1.0,0.0,1.0,1.4245014245014248249e-06
674,0.0,1.0,0.0,0.0,0.0,1.0,0.0,1.0,0.0,1.0,1.4245014245014248249e-06
675,1.0,1.0,0.0,0.0,0.0,1.0,0.0,1.0,0.0,1.0,8.2243628089690302116e-07
676,0.0,0.0,1.0,0.0,0.0,1.0,0.0,1.0,0.0,1.0,2.4216524216524226893e-05
677,1.0,0.0,1.0,0.0,0.0,1.0,0.0,1.0,0.0,1.0,-1.2336544213453547753e-05
678,0.0,1.0,1.0,0.0,0.0,1.0,0.0,1.0,0.0,1.0,-1.2336544213453547753e-05
679,1.0,1.0,1.0,0.0,0.0,1.0,0.0,1.0,0.0,1.0,8.072174738841409529e-06
680,0.0,0.0,0.0,1.0,0.0,1.0,0.0,1.0,0.0,1.0,1.4245014245014248249e-06
681,1.0,0.0,0.0,1.0,0.0,1.0,0.0,1.0,0.0,1.0,8.2243628089690302116e-07
682,0.0,1.0,0.0,1.0,0.0,1.0,0.0,1.0,0.0,1.0,8.2243628089690302116e-07
683,1.0,1.0,0.0,1.0,0.0,1.0,0.0,1.0,0.0,1.0,4.7483380816714169653e-07
684,0.0,0.0,1.0,1.0,0.0,1.0,0.0,1.0,0.0,1.0,-1.2336544213453549447e-05
685,1.0,0.0,1.0,1.0,0.0,1.0,0.0,1.0,0.0,1.0,8.072174738841412917e-06
686,0.0,1.0,1.0,1.0,0.0,1.0,0.0,1.0,0.0,1.0,8.072174738841412917e-06
687,1.0,1.0,1.0,1.0,0.0,1.0,0.0,1.0,0.0,1.0,-4.1121814044845215644e-06
688,0.0,0.0,0.0,0.0,1.0,1.0,0.0,1.0,0.0,1.0,1.4245014245014248249e-06
689,1.0,0.0,0.0,0.0,1.0,1.0,0.0,1.0,0.0,1.0,8.2243628089690302116e-07
690,0.0,1.0,0.0,0.0,1.0,1.0,0.0,1.0,0.0,1.0,8.2243628089690302116e-07
691,1.0,1.0,0.0,0.0,1.0,1.0,0.0,1.0,0.0,1.0,4.7483380816714169653e-07
692,0.0,0.0,1.0,0.0,1.0,1.0,0.0,1.0,0.0,1.0,-1.2336544213453549447e-05
693,1.0,0.0,1.0,0.0,1.0,1.0,0.0,1.0,0.0,1.0,8.072174738841412917e-06
694,0.0,1.0,1.0,0.0,1.0,1.0,0.0,1.0,0.0,1.0,8.072174738841412917e-06
695,1.0,1.0,1.0,0.0,1.0,1.0,0.0,1.0,0.0,1.0,-4.1121814044845215644e-06
696,0.0,0.0,0.0,1.0,1.0,1.0,0.0,1.0,0.0,1.0,8.2243628089690302116e-07
697,1.0,0.0,0.0,1.0,1.0,1.0,0.0,1.0,0.0,1.0,4.7483380816714169653e-07
698,0.0,1.0,0.0,1.0,1.0,1.0,0.0,1.0,0.0,1.0,4.7483380816714169653e-07
699,1.0,1.0,0.0,1.0,1.0,1.0,0.0,1.0,0.0,1.0,2.7414542696563437568e-07
700,0.0,0.0,1.0,1.0,1.0,1.0,0.0,1.0,0.0,1.0,8.072174738841412917e-06
701,1.0,0.0,1.0,1.0,1.0,1.0,0.0,1.0,0.0,1.0,-4.1121814044845207174e-06
702,0.0,1.0,1.0,1.0,1.0,1.0,0.0,1.0,0.0,1.0,-4.1121814044845207174e-06
703,1.0,1.0,1.0,1.0,1.0,1.0,0.0,1.0,0.0,1.0,2.6907249129471362274e-06
704,0.0,0.0,0.0,0.0,0.0,0.0,1.0,1.0,0.0,1.0,2.4673088426907089576e-06
705,1.0,0.0,0.0,0.0,0.0,0.0,1.0,1.0,0.0,1.0,1.4245014245014248249e-06
706,0.0,1.0,0.0,0.0,0.0,0.0,1.0,1.0,0.0,1.0,1.4245014245014248249e-06
707,1.0,1.0,0.0,0.0,0.0,0.0,1.0,1.0,0.0,1.0,8.2243628089690302116e-07
708,0.0,0.0,1.0,0.0,0.0,0.0,1.0,1.0,0.0,1.0,1.4245014245014248249e-06
709,1.0,0.0,1.0,0.0,0.0,0.0,1.0,1.0,0.0,1.0,8.2243628089690302116e-07
710,0.0,1.0,1.0,0.0,0.0,0.0,1.0,1.0,0.0,1.0,8.2243628089690302116e-07
711,1.0,1.0,1.0,0.0,0.0,0.0,1.0,1.0,0.0,1.0,4.7483380816714169653e-07
712,0.0,0.0,0.0,1.0,0.0,0.0,1.0,1.0,0.0,1.0,1.4245014245014248249e-06
713,1.0,0.0,0.0,1.0,0.0,0.0,1.0,1.0,0.0,1.0,8.2243628089690302116e-07
714,0.0,1.0,0.0,1.0,0.0,0.0,1.0,1.0,0.0,1.0,8.2243628089690302116e-07
715,1.0,1.0,0.0,1.0,0.0,0.0,1.0,1.0,0.0,1.0,4.7483380816714169653e-07
716,0.0,0.0,1.0,1.0,0.0,0.0,1.0,1.0,0.0,1.0,8.2243628089690302116e-07
717,1.0,0.0,1.0,1.0,0.0,0.0,1.0,1.0,0.0,1.0,4.7483380816714169653e-07
718,0.0,1.0,1.0,1.0,0.0,0.0,1.0,1.0,0.0,1.0,4.7483380816714169653e-07
719,1.0,1.0,1.0,1.0,0.0,0.0,1.0,1.0,0.0,1.0,2.7414542696563437568e-07
720,0.0,0.0,0.0,0.0,1.0,0.0,1.0,1.0,0.0,1.0,1.4245014245014248249e-06
721,1.0,0.0,0.0,0.0,1.0,0.0,1.0,1.0,0.0,1.0,8.2243628089690302116e-07
722,0.0,1.0,0.0,0.0,1.0,0.0,1.0,1.0,0.0,1.0,8.2243628089690302116e-07
723,1.0,1.0,0.0,0.0,1.0,0.0,1.0,1.0,0.0,1.0,4.7483380816714169653e-07
724,0.0,0.0,1.0,0.0,1.0,0.0,1.0,1.0,0.0,1.0,8.2243628089690302116e-07
725,1.0,0.0,1.0,0.0,1.0,0.0,1.0,1.0,0.0,1.0,4.7483380816714169653e-07
726,0.0,1.0,1.0,0.0,1.0,0.0,1.0,1.0,0.0,1.0,4.7483380816714169653e-07
727,1.0,1.0,1.0,0.0,1.0,0.0,1.0,1.0,0.0,1.0,2.7414542696563437568e-07
728,0.0,0.0,0.0,1.0,1.0,0.0,1.0,1.0,0.0,1.0,8.2243628089690302116e-07
729,1.0,0.0,0.0,1.0,1.0,0.0,1.0,1.0,0.0,1.0,4.7483380816714169653e-07
730,0.0,1.0,0.0,1.0,1.0,0.0,1.0,1.0,0.0,1.0,4.7483380816714169653e-07
731,1.0,1.0,0.0,1.0,1.0,0.0,1.0,1.0,0.0,1.0,2.7414542696563437568e-07
732,0.0,0.0,1.0,1.0,1.0,0.0,1.0,1.0,0.0,1.0,4.7483380816714169653e-07
733,1.0,0.0,1.0,1.0,1.0,0.0,1.0,1.0,0.0,1.0,2.7414542696563437568e-07
734,0.0,1.0,1.0,1.0,1.0,0.0,1.0,1.0,0.0,1.0,2.7414542696563437568e-07
735,1.0,1.0,1.0,1.0,1.0,0.0,1.0,1.0,0.0,1.0,1.5827793605571392531e-07
736,0.0,0.0,0.0,0.0,0.0,1.0,1.0,1.0,0.0,1.0,1.4245014245014248249e-06
737,1.0,0.0,0.0,0.0,0.0,1.0,1.0,1.0,0.0,1.0,8.2243628089690302116e-07
738,0.0,1.0,0.0,0.0,0.0,1.0,1.0,1.0,0.0,1.0,8.2243628089690302116e-07
739,1.0,1.0,0.0,0.0,0.0,1.0,1.0,1.0,0.0,1.0,4.7483380816714169653e-07
740,0.0,0.0,1.0,0.0,0.0,1.0,1.0,1.0,0.0,1.0,-1.2336544213453549447e-05
741,1.0,0.0,1.0,0.0,0.0,1.0,1.0,1.0,0.0,1.0,8.072174738841412917e-06
742,0.0,1.0,1.0,0.0,0.0,1.0,1.0,1.0,0.0,1.0,8.072174738841412917e-06
743,1.0,1.0,1.0,0.0,0.0,1.0,1.0,1.0,0.0,1.0,-4.1121814044845215644e-06
744,0.0,0.0,0.0,1.0,0.0,1.0,1.0,1.0,0.0,1.0,8.2243628089690302116e-07
745,1.0,0.0,0.0,1.0,0.0,1.0,1.0,1.0,0.0,1.0,4.7483380816714169653e-07
746,0.0,1.0,0.0,1.0,0.0,1.0,1.0,1.0,0.0,1.0,4.7483380816714169653e-07
747,1.0,1.0,0.0,1.0,0.0,1.0,1.0,1.0,0.0,1.0,2.7414542696563437568e-07
748,0.0,0.0,1.0,1.0,0.0,1.0,1.0,1.0,0.0,1.0,8.072174738841412917e-06
749,1.0,0.0,1.0,1.0,0.0,1.0,1.0,1.0,0.0,1.0,-4.1121814044845224115e-06
750,0.0,1.0,1.0,1.0,0.0,1.0,1.0,1.0,0.0,1.0,-4.1121814044845224115e-06
751,1.0,1.0,1.0,1.0,0.0,1.0,1.0,1.0,0.0,1.0,2.6907249129471379214e-06
752,0.0,0.0,0.0,0.0,1.0,1.0,1.0,1.0,0.0,1.0,8.2243628089690302116e-07
753,1.0,0.0,0.0,0.0,1.0,1.0,1.0,1.0,0.0,1.0,4.7483380816714169653e-07
754,0.0,1.0,0.0,0.0,1.0,1.0,1.0,1.0,0.0,1.0,4.7483380816714169653e-07
755,1.0,1.0,0.0,0.0,1.0,1.0,1.0,1.0,0.0,1.0,2.7414542696563437568e-07
756,0.0,0.0,1.0,0.0,1.0,1.0,1.0,1.0,0.0,1.0,8.072174738841412917e-06
757,1.0,0.0,1.0,0.0,1.0,1.0,1.0,1.0,0.0,1.0,-4.1121814044845224115e-06
758,0.0,1.0,1.0,0.0,1.0,1.0,1.0,1.0,0.0,1.0,-4.1121814044845224115e-06
759,1.0,1.0,1.0,0.0,1.0,1.0,1.0,1.0,0.0,1.0,2.6907249129471379214e-06
760,0.0,0.0,0.0,1.0,1.0,1.0,1.0,1.0,0.0,1.0,4.7483380816714169653e-07
761,1.0,0.0,0.0,1.0,1.0,1.0,1.0,1.0,0.0,1.0,2.7414542696563437568e-07
762,0.0,1.0,0.0,1.0,1.0,1.0,1.0,1.0,0.0,1.0,2.7414542696563437568e-07
763,1.0,1.0,0.0,1.0,1.0,1.0,1.0,1.0,0.0,1.0,1.5827793605571392531e-07
764,0.0,0.0,1.0,1.0,1.0,1.0,1.0,1.0,0.0,1.0,-4.1121814044845215644e-06
765,1.0,0.0,1.0,1.0,1.0,1.0,1.0,1.0,0.0,1.0,2.6907249129471425801e-06
766,0.0,1.0,1.0,1.0,1.0,1.0,1.0,1.0,0.0,1.0,2.6907249129471425801e-06
767,1.0,1.0,1.0,1.0,1.0,1.0,1.0,1.0,0.0,1.0,-1.3707271348281534554e-06
768,0.0,0.0,0.0,0.0,0.0,0.0,0.0,0.0,1.0,1.0,-2.1367521367521377667e-06
769,1.0,0.0,0.0,0.0,0.0,0.0,0.0,0.0,1.0,1.0,6.1682721067267730293e-06
770,0.0,1.0,0.0,0.0,0.0,0.0,0.0,0.0,1.0,1.0,6.1682721067267730293e-06
771,1.0,1.0,0.0,0.0,0.0,0.0,0.0,0.0,1.0,1.0,-7.12250712250713683e-07
772,0.0,0.0,1.0,0.0,0.0,0.0,0.0,0.0,1.0,1.0,6.1682721067267730293e-06
773,1.0,0.0,1.0,0.0,0.0,0.0,0.0,0.0,1.0,1.0,-7.122507122507127301e-07
774,0.0,1.0,1.0,0.0,0.0,0.0,0.0,0.0,1.0,1.0,-7.122507122507127301e-07
775,1.0,1.0,1.0,0.0,0.0,0.0,0.0,0.0,1.0,1.0,2.0560907022422582411e-06
776,0.0,0.0,0.0,1.0,0.0,0.0,0.0,0.0,1.0,1.0,6.1682721067267730293e-06
777,1.0,0.0,0.0,1.0,0.0,0.0,0.0,0.0,1.0,1.0,-7.122507122507127301e-07
778,0.0,1.0,0.0,1.0,0.0,0.0,0.0,0.0,1.0,1.0,-7.122507122507127301e-07
779,1.0,1.0,0.0,1.0,0.0,0.0,0.0,0.0,1.0,1.0,2.0560907022422582411e-06
780,0.0,0.0,1.0,1.0,0.0,0.0,0.0,0.0,1.0,1.0,-7.122507122507130477e-07
781,1.0,0.0,1.0,1.0,0.0,0.0,0.0,0.0,1.0,1.0,2.0560907022422578176e-06
782,0.0,1.0,1.0,1.0,0.0,0.0,0.0,0.0,1.0,1.0,2.0560907022422578176e-06
783,1.0,1.0,1.0,1.0,0.0,0.0,0.0,0.0,1.0,1.0,-2.3741690408357127178e-07
784,0.0,0.0,0.0,0.0,1.0,0.0,0.0,0.0,1.0,1.0,6.1682721067267730293e-06
785,1.0,0.0,0.0,0.0,1.0,0.0,0.0,0.0,1.0,1.0,-7.122507122507127301e-07
786,0.0,1.0,0.0,0.0,1.0,0.0,0.0,0.0,1.0,1.0,-7.122507122507127301e-07
787,1.0,1.0,0.0,0.0,1.0,0.0,0.0,0.0,1.0,1.0,2.0560907022422582411e-06
788,0.0,0.0,1.0,0.0,1.0,0.0,0.0,0.0,1.0,1.0,-7.122507122507130477e-07
789,1.0,0.0,1.0,0.0,1.0,0.0,0.0,0.0,1.0,1.0,2.0560907022422578176e-06
790,0.0,1.0,1.0,0.0,1.0,0.0,0.0,0.0,1.0,1.0,2.0560907022422578176e-06
791,1.0,1.0,1.0,0.0,1.0,0.0,0.0,0.0,1.0,1.0,-2.3741690408357127178e-07
792,0.0,0.0,0.0,1.0,1.0,0.0,0.0,0.0,1.0,1.0,-7.122507122507130477e-07
793,1.0,0.0,0.0,1.0,1.0,0.0,0.0,0.0,1.0,1.0,2.0560907022422578176e-06
794,0.0,1.0,0.0,1.0,1.0,0.0,0.0,0.0,1.0,1.0,2.0560907022422578176e-06
795,1.0,1.0,0.0,1.0,1.0,0.0,0.0,0.0,1.0,1.0,-2.3741690408357127178e-07
796,0.0,0.0,1.0,1.0,1.0,0.0,0.0,0.0,1.0,1.0,2.0560907022422590882e-06
797,1.0,0.0,1.0,1.0,1.0,0.0,0.0,0.0,1.0,1.0,-2.3741690408357084826e-07
798,0.0,1.0,1.0,1.0,1.0,0.0,0.0,0.0,1.0,1.0,-2.3741690408357084826e-07
799,1.0,1.0,1.0,1.0,1.0,0.0,0.0,0.0,1.0,1.0,6.853635674140854098e-07
800,0.0,0.0,0.0,0.0,0.0,1.0,0.0,0.0,1.0,1.0,6.1682721067267730293e-06
801,1.0,0.0,0.0,0.0,0.0,1.0,0.0,0.0,1.0,1.0,-7.122507122507127301e-07
802,0.0,1.0,0.0,0.0,0.0,1.0,0.0,0.0,1.0,1.0,-7.122507122507127301e-07
803,1.0,1.0,0.0,0.0,0.0,1.0,0.0,0.0,1.0,1.0,2.0560907022422582411e-06
804,0.0,0.0,1.0,0.0,0.0,1.0,0.0,0.0,1.0,1.0,-7.122507122507130477e-07
805,1.0,0.0,1.0,0.0,0.0,1.0,0.0,0.0,1.0,1.0,2.0560907022422578176e-06
806,0.0,1.0,1.0,0.0,0.0,1.0,0.0,0.0,1.0,1.0,2.0560907022422578176e-06
807,1.0,1.0,1.0,0.0,0.0,1.0,0.0,0.0,1.0,1.0,-2.3741690408357127178e-07
808,0.0,0.0,0.0,1.0,0.0,1.0,0.0,0.0,1.0,1.0,-7.122507122507130477e-07
809,1.0,0.0,0.0,1.0,0.0,1.0,0.0,0.0,1.0,1.0,2.0560907022422578176e-06
810,0.0,1.0,0.0,1.0,0.0,1.0,0.0,0.0,1.0,1.0,2.0560907022422578176e-06
811,1.0,1.0,0.0,1.0,0.0,1.0,0.0,0.0,1.0,1.0,-2.3741690408357127178e-07
812,0.0,0.0,1.0,1.0,0.0,1.0,0.0,0.0,1.0,1.0,2.0560907022422590882e-06
813,1.0,0.0,1.0,1.0,0.0,1.0,0.0,0.0,1.0,1.0,-2.3741690408357084826e-07
814,0.0,1.0,1.0,1.0,0.0,1.0,0.0,0.0,1.0,1.0,-2.3741690408357084826e-07
815,1.0,1.0,1.0,1.0,0.0,1.0,0.0,0.0,1.0,1.0,6.853635674140854098e-07
816,0.0,0.0,0.0,0.0,1.0,1.0,0.0,0.0,1.0,1.0,-7.122507122507130477e-07
817,1.0,0.0,0.0,0.0,1.0,1.0,0.0,0.0,1.0,1.0,2.0560907022422578176e-06
818,0.0,1.0,0.0,0.0,1.0,1.0,0.0,0.0,1.0,1.0,2.0560907022422578176e-06
819,1.0,1.0,0.0,0.0,1.0,1.0,0.0,0.0,1.0,1.0,-2.3741690408357127178e-07
820,0.0,0.0,1.0,0.0,1.0,1.0,0.0,0.0,1.0,1.0,2.0560907022422590882e-06
821,1.0,0.0,1.0,0.0,1.0,1.0,0.0,0.0,1.0,1.0,-2.3741690408357084826e-07
822,0.0,1.0,1.0,0.0,1.0,1.0,0.0,0.0,1.0,1.0,-2.3741690408357084826e-07
823,1.0,1.0,1.0,0.0,1.0,1.0,0.0,0.0,1.0,1.0,6.853635674140854098e-07
824,0.0,0.0,0.0,1.0,1.0,1.0,0.0,0.0,1.0,1.0,2.0560907022422590882e-06
825,1.0,0.0,0.0,1.0,1.0,1.0,0.0,0.0,1.0,1.0,-2.3741690408357084826e-07
826,0.0,1.0,0.0,1.0,1.0,1.0,0.0,0.0,1.0,1.0,-2.3741690408357084826e-07
827,1.0,1.0,0.0,1.0,1.0,1.0,0.0,0.0,1.0,1.0,6.853635674140854098e-07
828,0.0,0.0,1.0,1.0,1.0,1.0,0.0,0.0,1.0,1.0,-2.374169040835734423e-07
829,1.0,0.0,1.0,1.0,1.0,1.0,0.0,0.0,1.0,1.0,6.853635674140844569e-07
830,0.0,1.0,1.0,1.0,1.0,1.0,0.0,0.0,1.0,1.0,6.853635674140844569e-07
831,1.0,1.0,1.0,1.0,1.0,1.0,0.0,0.0,1.0,1.0,-7.913896802785435538e-08
832,0.0,0.0,0.0,0.0,0.0,0.0,1.0,0.0,1.0,1.0,6.1682721067267730293e-06
833,1.0,0.0,0.0,0.0,0.0,0.0,1.0,0.0,1.0,1.0,-7.122507122507127301e-07
834,0.0,1.0,0.0,0.0,0.0,0.0,1.0,0.0,1.0,1.0,-7.122507122507127301e-07
835,1.0,1.0,0.0,0.0,0.0,0.0,1.0,0.0,1.0,1.0,2.0560907022422582411e-06
836,0.0,0.0,1.0,0.0,0.0,0.0,1.0,0.0,1.0,1.0,-7.122507122507130477e-07
837,1.0,0.0,1.0,0.0,0.0,0.0,1.0,0.0,1.0,1.0,2.0560907022422578176e-06
838,0.0,1.0,1.0,0.0,0.0,0.0,1.0,0.0,1.0,1.0,2.0560907022422578176e-06
839,1.0,1.0,1.0,0.0,0.0,0.0,1.0,0.0,1.0,1.0,-2.3741690408357127178e-07
840,0.0,0.0,0.0,1.0,0.0,0.0,1.0,0.0,1.0,1.0,-7.122507122507130477e-07
841,1.0,0.0,0.0,1.0,0.0,0.0,1.0,0.0,1.0,1.0,2.0560907022422578176e-06
842,0.0,1.0,0.0,1.0,0.0,0.0,1.0,0.0,1.0,1.0,2.0560907022422578176e-06
843,1.0,1.0,0.0,1.0,0.0,0.0,1.0,0.0,1.0,1.0,-2.3741690408357127178e-07
844,0.0,0.0,1.0,1.0,0.0,0.0,1.0,0.0,1.0,1.0,2.0560907022422590882e-06
845,1.0,0.0,1.0,1.0,0.0,0.0,1.0,0.0,1.0,1.0,-2.3741690408357084826e-07
846,0.0,1.0,1.0,1.0,0.0,0.0,1.0,0.0,1.0,1.0,-2.3741690408357084826e-07
847,1.0,1.0,1.0,1.0,0.0,0.0,1.0,0.0,1.0,1.0,6.853635674140854098e-07
848,0.0,0.0,0.0,0.0,1.0,0.0,1.0,0.0,1.0,1.0,-7.122507122507130477e-07
849,1.0,0.0,0.0,0.0,1.0,0.0,1.0,0.0,1.0,1.0,2.0560907022422578176e-06
850,0.0,1.0,0.0,0.0,1.0,0.0,1.0,0.0,1.0,1.0,2.0560907022422578176e-06
851,1.0,1.0,0.0,0.0,1.0,0.0,1.0,0.0,1.0,1.0,-2.3741690408357127178e-07
852,0.0,0.0,1.0,0.0,1.0,0.0,1.0,0.0,1.0,1.0,2.0560907022422590882e-06
853,1.0,0.0,1.0,0.0,1.0,0.0,1.0,0.0,1.0,1.0,-2.3741690408357084826e-07
854,0.0,1.0,1.0,0.0,1.0,0.0,1.0,0.0,1.0,1.0,-2.3741690408357084826e-07
855,1.0,1.0,1.0,0.0,1.0,0.0,1.0,0.0,1.0,1.0,6.853635674140854098e-07
856,0.0,0.0,0.0,1.0,1.0,0.0,1.0,0.0,1.0,1.0,2.0560907022422590882e-06
857,1.0,0.0,0.0,1.0,1.0,0.0,1.0,0.0,1.0,1.0,-2.3741690408357084826e-07
858,0.0,1.0,0.0,1.0,1.0,0.0,1.0,0.0,1.0,1.0,-2.3741690408357084826e-07
859,1.0,1.0,0.0,1.0,1.0,0.0,1.0,0.0,1.0,1.0,6.853635674140854098e-07
860,0.0,0.0,1.0,1.0,1.0,0.0,1.0,0.0,1.0,1.0,-2.374169040835734423e-07
861,1.0,0.0,1.0,1.0,1.0,0.0,1.0,0.0,1.0,1.0,6.853635674140844569e-07
862,0.0,1.0,1.0,1.0,1.0,0.0,1.0,0.0,1.0,1.0,6.853635674140844569e-07
863,1.0,1.0,1.0,1.0,1.0,0.0,1.0,0.0,1.0,1.0,-7.913896802785435538e-08
864,0.0,0.0,0.0,0.0,0.0,1.0,1.0,0.0,1.0,1.0,-7.122507122507130477e-07
865,1.0,0.0,0.0,0.0,0.0,1.0,1.0,0.0,1.0,1.0,2.0560907022422578176e-06
866,0.0,1.0,0.0,0.0,0.0,1.0,1.0,0.0,1.0,1.0,2.0560907022422578176e-06
867,1.0,1.0,0.0,0.0,0.0,1.0,1.0,0.0,1.0,1.0,-2.3741690408357127178e-07
868,0.0,0.0,1.0,0.0,0.0,1.0,1.0,0.0,1.0,1.0,2.0560907022422590882e-06
869,1.0,0.0,1.0,0.0,0.0,1.0,1.0,0.0,1.0,1.0,-2.3741690408357084826e-07
870,0.0,1.0,1.0,0.0,0.0,1.0,1.0,0.0,1.0,1.0,-2.3741690408357084826e-07
871,1.0,1.0,1.0,0.0,0.0,1.0,1.0,0.0,1.0,1.0,6.853635674140854098e-07
872,0.0,0.0,0.0,1.0,0.0,1.0,1.0,0.0,1.0,1.0,2.0560907022422590882e-06
873,1.0,0.0,0.0,1.0,0.0,1.0,1.0,0.0,1.0,1.0,-2.3741690408357084826e-07
874,0.0,1.0,0.0,1.0,0.0,1.0,1.0,0.0,1.0,1.0,-2.3741690408357084826e-07
875,1.0,1.0,0.0,1.0,0.0,1.0,1.0,0.0,1.0,1.0,6.853635674140854098e-07
876,0.0,0.0,1.0,1.0,0.0,1.0,1.0,0.0,1.0,1.0,-2.374169040835734423e-07
877,1.0,0.0,1.0,1.0,0.0,1.0,1.0,0.0,1.0,1.0,6.853635674140844569e-07
878,0.0,1.0,1.0,1.0,0.0,1.0,1.0,0.0,1.0,1.0,6.853635674140844569e-07
879,1.0,1.0,1.0,1.0,0.0,1.0,1.0,0.0,1.0,1.0,-7.913896802785435538e-08
880,0.0,0.0,0.0,0.0,1.0,1.0,1.0,0.0,1.0,1.0,2.0560907022422590882e-06
881,1.0,0.0,0.0,0.0,1.0,1.0,1.0,0.0,1.0,1.0,-2.3741690408357084826e-07
882,0.0,1.0,0.0,0.0,1.0,1.0,1.0,0.0,1.0,1.0,-2.3741690408357084826e-07
883,1.0,1.0,0.0,0.0,1.0,1.0,1.0,0.0,1.0,1.0,6.853635674140854098e-07
884,0.0,0.0,1.0,0.0,1.0,1.0,1.0,0.0,1.0,1.0,-2.374169040835734423e-07
885,1.0,0.0,1.0,0.0,1.0,1.0,1.0,0.0,1.0,1.0,6.853635674140844569e-07
886,0.0,1.0,1.0,0.0,1.0,1.0,1.0,0.0,1.0,1.0,6.853635674140844569e-07
887,1.0,1.0,1.0,0.0,1.0,1.0,1.0,0.0,1.0,1.0,-7.913896802785435538e-08
888,0.0,0.0,0.0,1.0,1.0,1.0,1.0,0.0,1.0,1.0,-2.374169040835734423e-07
889,1.0,0.0,0.0,1.0,1.0,1.0,1.0,0.0,1.0,1.0,6.853635674140844569e-07
890,0.0,1.0,0.0,1.0,1.0,1.0,1.0,0.0,1.0,1.0,6.853635674140844569e-07
891,1.0,1.0,0.0,1.0,1.0,1.0,1.0,0.0,1.0,1.0,-7.913896802785435538e-08
892,0.0,0.0,1.0,1.0,1.0,1.0,1.0,0.0,1.0,1.0,6.853635674140839275e-07
893,1.0,0.0,1.0,1.0,1.0,1.0,1.0,0.0,1.0,1.0,-7.913896802784653356e-08
894,0.0,1.0,1.0,1.0,1.0,1.0,1.0,0.0,1.0,1.0,-7.913896802784653356e-08
895,1.0,1.0,1.0,1.0,1.0,1.0,1.0,0.0,1.0,1.0,2.2845452247134662726e-07
896,0.0,0.0,0.0,0.0,0.0,0.0,0.0,1.0,1.0,1.0,6.1682721067267730293e-06
897,1.0,0.0,0.0,0.0,0.0,0.0,0.0,1.0,1.0,1.0,-7.122507122507127301e-07
898,0.0,1.0,0.0,0.0,0.0,0.0,0.0,1.0,1.0,1.0,-7.122507122507127301e-07
899,1.0,1.0,0.0,0.0,0.0,0.0,0.0,1.0,1.0,1.0,2.0560907022422582411e-06
900,0.0,0.0,1.0,0.0,0.0,0.0,0.0,1.0,1.0,1.0,-7.122507122507130477e-07
901,1.0,0.0,1.0,0.0,0.0,0.0,0.0,1.0,1.0,1.0,2.0560907022422578176e-06
902,0.0,1.0,1.0,0.0,0.0,0.0,0.0,1.0,1.0,1.0,2.0560907022422578176e-06
903,1.0,1.0,1.0,0.0,0.0,0.0,0.0,1.0,1.0,1.0,-2.3741690408357127178e-07
904,0.0,0.0,0.0,1.0,0.0,0.0,0.0,1.0,1.0,1.0,-7.122507122507130477e-07
905,1.0,0.0,0.0,1.0,0.0,0.0,0.0,1.0,1.0,1.0,2.0560907022422578176e-06
906,0.0,1.0,0.0,1.0,0.0,0.0,0.0,1.0,1.0,1.0,2.0560907022422578176e-06
907,1.0,1.0,0.0,1.0,0.0,0.0,0.0,1.0,1.0,1.0,-2.3741690408357127178e-07
908,0.0,0.0,1.0,1.0,0.0,0.0,0.0,1.0,1.0,1.0,2.0560907022422590882e-06
909,1.0,0.0,1.0,1.0,0.0,0.0,0.0,1.0,1.0,1.0,-2.3741690408357084826e-07
910,0.0,1.0,1.0,1.0,0.0,0.0,0.0,1.0,1.0,1.0,-2.3741690408357084826e-07
911,1.0,1.0,1.0,1.0,0.0,0.0,0.0,1.0,1.0,1.0,6.853635674140854098e-07
912,0.0,0.0,0.0,0.0,1.0,0.0,0.0,1.0,1.0,1.0,-7.122507122507130477e-07
913,1.0,0.0,0.0,0.0,1.0,0.0,0.0,1.0,1.0,1.0,2.0560907022422578176e-06
914,0.0,1.0,0.0,0.0,1.0,0.0,0.0,1.0,1.0,1.0,2.0560907022422578176e-06
915,1.0,1.0,0.0,0.0,1.0,0.0,0.0,1.0,1.0,1.0,-2.3741690408357127178e-07
916,0.0,0.0,1.0,0.0,1.0,0.0,0.0,1.0,1.0,1.0,2.0560907022422590882e-06
917,1.0,0.0,1.0,0.0,1.0,0.0,0.0,1.0,1.0,1.0,-2.3741690408357084826e-07
918,0.0,1.0,1.0,0.0,1.0,0.0,0.0,1.0,1.0,1.0,-2.3741690408357084826e-07
919,1.0,1.0,1.0,0.0,1.0,0.0,0.0,1.0,1.0,1.0,6.853635674140854098e-07
920,0.0,0.0,0.0,1.0,1.0,0.0,0.0,1.0,1.0,1.0,2.0560907022422590882e-06
921,1.0,0.0,0.0,1.0,1.0,0.0,0.0,1.0,1.0,1.0,-2.3741690408357084826e-07
922,0.0,1.0,0.0,1.0,1.0,0.0,0.0,1.0,1.0,1.0,-2.3741690408357084826e-07
923,1.0,1.0,0.0,1.0,1.0,0.0,0.0,1.0,1.0,1.0,6.853635674140854098e-07
924,0.0,0.0,1.0,1.0,1.0,0.0,0.0,1.0,1.0,1.0,-2.374169040835734423e-07
925,1.0,0.0,1.0,1.0,1.0,0.0,0.0,1.0,1.0,1.0,6.853635674140844569e-07
926,0.0,1.0,1.0,1.0,1.0,0.0,0.0,1.0,1.0,1.0,6.853635674140844569e-07
927,1.0,1.0,1.0,1.0,1.0,0.0,0.0,1.0,1.0,1.0,-7.913896802785435538e-08
928,0.0,0.0,0.0,0.0,0.0,1.0,0.0,1.0,1.0,1.0,-7.122507122507130477e-07
929,1.0,0.0,0.0,0.0,0.0,1.0,0.0,1.0,1.0,1.0,2.0560907022422578176e-06
930,0.0,1.0,0.0,0.0,0.0,1.0,0.0,1.0,1.0,1.0,2.0560907022422578176e-06
931,1.0,1.0,0.0,0.0,0.0,1.0,0.0,1.0,1.0,1.0,-2.3741690408357127178e-07
932,0.0,0.0,1.0,0.0,0.0,1.0,0.0,1.0,1.0,1.0,-1.11028897921081900975e-05
933,1.0,0.0,1.0,0.0,0.0,1.0,0.0,1.0,1.0,1.0,7.3599240265906963756e-06
934,0.0,1.0,1.0,0.0,0.0,1.0,0.0,1.0,1.0,1.0,7.3599240265906963756e-06
935,1.0,1.0,1.0,0.0,0.0,1.0,0.0,1.0,1.0,1.0,-3.7009632640360640717e-06
936,0.0,0.0,0.0,1.0,0.0,1.0,0.0,1.0,1.0,1.0,2.0560907022422590882e-06
937,1.0,0.0,0.0,1.0,0.0,1.0,0.0,1.0,1.0,1.0,-2.3741690408357084826e-07
938,0.0,1.0,0.0,1.0,0.0,1.0,0.0,1.0,1.0,1.0,-2.3741690408357084826e-07
939,1.0,1.0,0.0,1.0,0.0,1.0,0.0,1.0,1.0,1.0,6.853635674140854098e-07
940,0.0,0.0,1.0,1.0,0.0,1.0,0.0,1.0,1.0,1.0,7.3599240265906946815e-06
941,1.0,0.0,1.0,1.0,0.0,1.0,0.0,1.0,1.0,1.0,-3.7009632640360666128e-06
942,0.0,1.0,1.0,1.0,0.0,1.0,0.0,1.0,1.0,1.0,-3.7009632640360666128e-06
943,1.0,1.0,1.0,1.0,0.0,1.0,0.0,1.0,1.0,1.0,2.4533080088635675761e-06
944,0.0,0.0,0.0,0.0,1.0,1.0,0.0,1.0,1.0,1.0,2.0560907022422590882e-06
945,1.0,0.0,0.0,0.0,1.0,1.0,0.0,1.0,1.0,1.0,-2.3741690408357084826e-07
946,0.0,1.0,0.0,0.0,1.0,1.0,0.0,1.0,1.0,1.0,-2.3741690408357084826e-07
947,1.0,1.0,0.0,0.0,1.0,1.0,0.0,1.0,1.0,1.0,6.853635674140854098e-07
948,0.0,0.0,1.0,0.0,1.0,1.0,0.0,1.0,1.0,1.0,7.3599240265906946815e-06
949,1.0,0.0,1.0,0.0,1.0,1.0,0.0,1.0,1.0,1.0,-3.7009632640360666128e-06
950,0.0,1.0,1.0,0.0,1.0,1.0,0.0,1.0,1.0,1.0,-3.7009632640360666128e-06
951,1.0,1.0,1.0,0.0,1.0,1.0,0.0,1.0,1.0,1.0,2.4533080088635675761e-06
952,0.0,0.0,0.0,1.0,1.0,1.0,0.0,1.0,1.0,1.0,-2.374169040835734423e-07
953,1.0,0.0,0.0,1.0,1.0,1.0,0.0,1.0,1.0,1.0,6.853635674140844569e-07
954,0.0,1.0,0.0,1.0,1.0,1.0,0.0,1.0,1.0,1.0,6.853635674140844569e-07
955,1.0,1.0,0.0,1.0,1.0,1.0,0.0,1.0,1.0,1.0,-7.913896802785435538e-08
956,0.0,0.0,1.0,1.0,1.0,1.0,0.0,1.0,1.0,1.0,-3.7009632640360661893e-06
957,1.0,0.0,1.0,1.0,1.0,1.0,0.0,1.0,1.0,1.0,2.4533080088635751994e-06
958,0.0,1.0,1.0,1.0,1.0,1.0,0.0,1.0,1.0,1.0,2.4533080088635751994e-06
959,1.0,1.0,1.0,1.0,1.0,1.0,0.0,1.0,1.0,1.0,-1.2336544213453652785e-06
960,0.0,0.0,0.0,0.0,0.0,0.0,1.0,1.0,1.0,1.0,-7.122507122507130477e-07
961,1.0,0.0,0.0,0.0,0.0,0.0,1.0,1.0,1.0,1.0,2.0560907022422578176e-06
962,0.0,1.0,0.0,0.0,0.0,0.0,1.0,1.0,1.0,1.0,2.0560907022422578176e-06
963,1.0,1.0,0.0,0.0,0.0,0.0,1.0,1.0,1.0,1.0,-2.3741690408357127178e-07
964,0.0,0.0,1.0,0.0,0.0,0.0,1.0,1.0,1.0,1.0,2.0560907022422590882e-06
965,1.0,0.0,1.0,0.0,0.0,0.0,1.0,1.0,1.0,1.0,-2.3741690408357084826e-07
966,0.0,1.0,1.0,0.0,0.0,0.0,1.0,1.0,1.0,1.0,-2.3741690408357084826e-07
967,1.0,1.0,1.0,0.0,0.0,0.0,1.0,1.0,1.0,1.0,6.853635674140854098e-07
968,0.0,0.0,0.0,1.0,0.0,0.0,1.0,1.0,1.0,1.0,2.0560907022422590882e-06
969,1.0,0.0,0.0,1.0,0.0,0.0,1.0,1.0,1.0,1.0,-2.3741690408357084826e-07
970,0.0,1.0,0.0,1.0,0.0,0.0,1.0,1.0,1.0,1.0,-2.3741690408357084826e-07
971,1.0,1.0,0.0,1.0,0.0,0.0,1.0,1.0,1.0,1.0,6.853635674140854098e-07
972,0.0,0.0,1.0,1.0,0.0,0.0,1.0,1.0,1.0,1.0,-2.374169040835734423e-07
973,1.0,0.0,1.0,1.0,0.0,0.0,1.0,1.0,1.0,1.0,6.853635674140844569e-07
974,0.0,1.0,1.0,1.0,0.0,0.0,1.0,1.0,1.0,1.0,6.853635674140844569e-07
975,1.0,1.0,1.0,1.0,0.0,0.0,1.0,1.0,1.0,1.0,-7.913896802785435538e-08
976,0.0,0.0,0.0,0.0,1.0,0.0,1.0,1.0,1.0,1.0,2.0560907022422590882e-06
977,1.0,0.0,0.0,0.0,1.0,0.0,1.0,1.0,1.0,1.0,-2.3741690408357084826e-07
978,0.0,1.0,0.0,0.0,1.0,0.0,1.0,1.0,1.0,1.0,-2.3741690408357084826e-07
979,1.0,1.0,0.0,0.0,1.0,0.0,1.0,1.0,1.0,1.0,6.853635674140854098e-07
980,0.0,0.0,1.0,0.0,1.0,0.0,1.0,1.0,1.0,1.0,-2.374169040835734423e-07
981,1.0,0.0,1.0,0.0,1.0,0.0,1.0,1.0,1.0,1.0,6.853635674140844569e-07
982,0.0,1.0,1.0,0.0,1.0,0.0,1.0,1.0,1.0,1.0,6.853635674140844569e-07
983,1.0,1.0,1.0,0.0,1.0,0.0,1.0,1.0,1.0,1.0,-7.913896802785435538e-08
984,0.0,0.0,0.0,1.0,1.0,0.0,1.0,1.0,1.0,1.0,-2.374169040835734423e-07
985,1.0,0.0,0.0,1.0,1.0,0.0,1.0,1.0,1.0,1.0,6.853635674140844569e-07
986,0.0,1.0,0.0,1.0,1.0,0.0,1.0,1.0,1.0,1.0,6.853635674140844569e-07
987,1.0,1.0,0.0,1.0,1.0,0.0,1.0,1.0,1.0,1.0,-7.913896802785435538e-08
988,0.0,0.0,1.0,1.0,1.0,0.0,1.0,1.0,1.0,1.0,6.853635674140839275e-07
989,1.0,0.0,1.0,1.0,1.0,0.0,1.0,1.0,1.0,1.0,-7.913896802784653356e-08
990,0.0,1.0,1.0,1.0,1.0,0.0,1.0,1.0,1.0,1.0,-7.913896802784653356e-08
991,1.0,1.0,1.0,1.0,1.0,0.0,1.0,1.0,1.0,1.0,2.2845452247134662726e-07
992,0.0,0.0,0.0,0.0,0.0,1.0,1.0,1.0,1.0,1.0,2.0560907022422590882e-06
993,1.0,0.0,0.0,0.0,0.0,1.0,1.0,1.0,1.0,1.0,-2.3741690408357084826e-07
994,0.0,1.0,0.0,0.0,0.0,1.0,1.0,1.0,1.0,1.0,-2.3741690408357084826e-07
995,1.0,1.0,0.0,0.0,0.0,1.0,1.0,1.0,1.0,1.0,6.853635674140854098e-07
996,0.0,0.0,1.0,0.0,0.0,1.0,1.0,1.0,1.0,1.0,7.3599240265906946815e-06
997,1.0,0.0,1.0,0.0,0.0,1.0,1.0,1.0,1.0,1.0,-3.7009632640360666128e-06
998,0.0,1.0,1.0,0.0,0.0,1.0,1.0,1.0,1.0,1.0,-3.7009632640360666128e-06
999,1.0,1.0,1.0,0.0,0.0,1.0,1.0,1.0,1.0,1.0,2.4533080088635688467e-06
1000,0.0,0.0,0.0,1.0,0.0,1.0,1.0,1.0,1.0,1.0,-2.374169040835734423e-07
1001,1.0,0.0,0.0,1.0,0.0,1.0,1.0,1.0,1.0,1.0,6.853635674140844569e-07
1002,0.0,1.0,0.0,1.0,0.0,1.0,1.0,1.0,1.0,1.0,6.853635674140844569e-07
1003,1.0,1.0,0.0,1.0,0.0,1.0,1.0,1.0,1.0,1.0,-7.913896802785435538e-08
1004,0.0,0.0,1.0,1.0,0.0,1.0,1.0,1.0,1.0,1.0,-3.7009632640360661893e-06
1005,1.0,0.0,1.0,1.0,0.0,1.0,1.0,1.0,1.0,1.0,2.4533080088635739289e-06
1006,0.0,1.0,1.0,1.0,0.0,1.0,1.0,1.0,1.0,1.0,2.4533080088635739289e-06
1007,1.0,1.0,1.0,1.0,0.0,1.0,1.0,1.0,1.0,1.0,-1.2336544213453625256e-06
1008,0.0,0.0,0.0,0.0,1.0,1.0,1.0,1.0,1.0,1.0,-2.374169040835734423e-07
1009,1.0,0.0,0.0,0.0,1.0,1.0,1.0,1.0,1.0,1.0,6.853635674140844569e-07
1010,0.0,1.0,0.0,0.0,1.0,1.0,1.0,1.0,1.0,1.0,6.853635674140844569e-07
1011,1.0,1.0,0.0,0.0,1.0,1.0,1.0,1.0,1.0,1.0,-7.913896802785435538e-08
1012,0.0,0.0,1.0,0.0,1.0,1.0,1.0,1.0,1.0,1.0,-3.7009632640360661893e-06
1013,1.0,0.0,1.0,0.0,1.0,1.0,1.0,1.0,1.0,1.0,2.4533080088635739289e-06
1014,0.0,1.0,1.0,0.0,1.0,1.0,1.0,1.0,1.0,1.0,2.4533080088635739289e-06
1015,1.0,1.0,1.0,0.0,1.0,1.0,1.0,1.0,1.0,1.0,-1.2336544213453625256e-06
1016,0.0,0.0,0.0,1.0,1.0,1.0,1.0,1.0,1.0,1.0,6.853635674140839275e-07
1017,1.0,0.0,0.0,1.0,1.0,1.0,1.0,1.0,1.0,1.0,-7.913896802784653356e-08
1018,0.0,1.0,0.0,1.0,1.0,1.0,1.0,1.0,1.0,1.0,-7.913896802784653356e-08
1019,1.0,1.0,0.0,1.0,1.0,1.0,1.0,1.0,1.0,1.0,2.2845452247134662726e-07
1020,0.0,0.0,1.0,1.0,1.0,1.0,1.0,1.0,1.0,1.0,2.4533080088635785875e-06
1021,1.0,0.0,1.0,1.0,1.0,1.0,1.0,1.0,1.0,1.0,-1.2336544213453839132e-06
1022,0.0,1.0,1.0,1.0,1.0,1.0,1.0,1.0,1.0,1.0,-1.2336544213453839132e-06
1023,1.0,1.0,1.0,1.0,1.0,1.0,1.0,1.0,1.0,1.0,8.1776933628791536277e-07
