,0,1,2,3,4,5,6,7,8,9,0
0,0,0,0,0,0,0,0,0,0,0,2.7027027027027027e-05
1,1,0,0,0,0,0,0,0,0,0,2.7027027027027027e-05
2,0,1,0,0,0,0,0,0,0,0,2.7027027027027027e-05
3,1,1,0,0,0,0,0,0,0,0,2.7027027027027027e-05
4,0,0,1,0,0,0,0,0,0,0,2.7027027027027027e-05
5,1,0,1,0,0,0,0,0,0,0,2.7027027027027027e-05
6,0,1,1,0,0,0,0,0,0,0,2.7027027027027027e-05
7,1,1,1,0,0,0,0,0,0,0,2.7027027027027027e-05
8,0,0,0,1,0,0,0,0,0,0,2.7027027027027027e-05
9,1,0,0,1,0,0,0,0,0,0,2.7027027027027027e-05
10,0,1,0,1,0,0,0,0,0,0,2.7027027027027027e-05
11,1,1,0,1,0,0,0,0,0,0,2.7027027027027027e-05
12,0,0,1,1,0,0,0,0,0,0,2.7027027027027027e-05
13,1,0,1,1,0,0,0,0,0,0,2.7027027027027027e-05
14,0,1,1,1,0,0,0,0,0,0,2.7027027027027027e-05
15,1,1,1,1,0,0,0,0,0,0,2.7027027027027027e-05
16,0,0,0,0,1,0,0,0,0,0,2.7027027027027027e-05
17,1,0,0,0,1,0,0,0,0,0,2.7027027027027027e-05
18,0,1,0,0,1,0,0,0,0,0,2.7027027027027027e-05
19,1,1,0,0,1,0,0,0,0,0,2.7027027027027027e-05
20,0,0,1,0,1,0,0,0,0,0,2.7027027027027027e-05
21,1,0,1,0,1,0,0,0,0,0,2.7027027027027027e-05
22,0,1,1,0,1,0,0,0,0,0,2.7027027027027027e-05
23,1,1,1,0,1,0,0,0,0,0,2.7027027027027027e-05
24,0,0,0,1,1,0,0,0,0,0,2.7027027027027027e-05
25,1,0,0,1,1,0,0,0,0,0,2.7027027027027027e-05
26,0,1,0,1,1,0,0,0,0,0,2.7027027027027027e-05
27,1,1,0,1,1,0,0,0,0,0,2.7027027027027027e-05
28,0,0,1,1,1,0,0,0,0,0,2.7027027027027027e-05
29,1,0,1,1,1,0,0,0,0,0,2.7027027027027027e-05
30,0,1,1,1,1,0,0,0,0,0,2.7027027027027027e-05
31,1,1,1,1,1,0,0,0,0,0,2.7027027027027027e-05
32,0,0,0,0,0,1,0,0,0,0,2.7027027027027027e-05
33,1,0,0,0,0,1,0,0,0,0,2.7027027027027027e-05
34,0,1,0,0,0,1,0,0,0,0,2.7027027027027027e-05
35,1,1,0,0,0,1,0,0,0,0,2.7027027027027027e-05
36,0,0,1,0,0,1,0,0,0,0,2.7027027027027027e-05
37,1,0,1,0,0,1,0,0,0,0,2.7027027027027027e-05
38,0,1,1,0,0,1,0,0,0,0,2.7027027027027027e-05
39,1,1,1,0,0,1,0,0,0,0,2.7027027027027027e-05
40,0,0,0,1,0,1,0,0,0,0,2.7027027027027027e-05
41,1,0,0,1,0,1,0,0,0,0,2.7027027027027027e-05
42,0,1,0,1,0,1,0,0,0,0,2.7027027027027027e-05
43,1,1,0,1,0,1,0,0,0,0,2.7027027027027027e-05
44,0,0,1,1,0,1,0,0,0,0,2.7027027027027027e-05
45,1,0,1,1,0,1,0,0,0,0,2.7027027027027027e-05
46,0,1,1,1,0,1,0,0,0,0,2.7027027027027027e-05
47,1,1,1,1,0,1,0,0,0,0,2.7027027027027027e-05
48,0,0,0,0,1,1,0,0,0,0,2.7027027027027027e-05
49,1,0,0,0,1,1,0,0,0,0,2.7027027027027027e-05
50,0,1,0,0,1,1,0,0,0,0,2.7027027027027027e-05
51,1,1,0,0,1,1,0,0,0,0,2.7027027027027027e-05
52,0,0,1,0,1,1,0,0,0,0,2.7027027027027027e-05
53,1,0,1,0,1,1,0,0,0,0,2.7027027027027027e-05
54,0,1,1,0,1,1,0,0,0,0,2.7027027027027027e-05
55,1,1,1,0,1,1,0,0,0,0,2.7027027027027027e-05
56,0,0,0,1,1,1,0,0,0,0,2.7027027027027027e-05
57,1,0,0,1,1,1,0,0,0,0,2.7027027027027027e-05
58,0,1,0,1,1,1,0,0,0,0,2.7027027027027027e-05
59,1,1,0,1,1,1,0,0,0,0,2.7027027027027027e-05
60,0,0,1,1,1,1,0,0,0,0,2.7027027027027027e-05
61,1,0,1,1,1,1,0,0,0,0,2.7027027027027027e-05
62,0,1,1,1,1,1,0,0,0,0,2.7027027027027027e-05
63,1,1,1,1,1,1,0,0,0,0,2.7027027027027027e-05
64,0,0,0,0,0,0,1,0,0,0,2.7027027027027027e-05
65,1,0,0,0,0,0,1,0,0,0,2.7027027027027027e-05
66,0,1,0,0,0,0,1,0,0,0,2.7027027027027027e-05
67,1,1,0,0,0,0,1,0,0,0,2.7027027027027027e-05
68,0,0,1,0,0,0,1,0,0,0,2.7027027027027027e-05
69,1,0,1,0,0,0,1,0,0,0,2.7027027027027027e-05
70,0,1,1,0,0,0,1,0,0,0,2.7027027027027027e-05
71,1,1,1,0,0,0,1,0,0,0,2.7027027027027027e-05
72,0,0,0,1,0,0,1,0,0,0,2.7027027027027027e-05
73,1,0,0,1,0,0,1,0,0,0,2.7027027027027027e-05
74,0,1,0,1,0,0,1,0,0,0,2.7027027027027027e-05
75,1,1,0,1,0,0,1,0,0,0,2.7027027027027027e-05
76,0,0,1,1,0,0,1,0,0,0,2.7027027027027027e-05
77,1,0,1,1,0,0,1,0,0,0,2.7027027027027027e-05
78,0,1,1,1,0,0,1,0,0,0,2.7027027027027027e-05
79,1,1,1,1,0,0,1,0,0,0,2.7027027027027027e-05
80,0,0,0,0,1,0,1,0,0,0,2.7027027027027027e-05
81,1,0,0,0,1,0,1,0,0,0,2.7027027027027027e-05
82,0,1,0,0,1,0,1,0,0,0,2.7027027027027027e-05
83,1,1,0,0,1,0,1,0,0,0,2.7027027027027027e-05
84,0,0,1,0,1,0,1,0,0,0,2.7027027027027027e-05
85,1,0,1,0,1,0,1,0,0,0,2.7027027027027027e-05
86,0,1,1,0,1,0,1,0,0,0,2.7027027027027027e-05
87,1,1,1,0,1,0,1,0,0,0,2.7027027027027027e-05
88,0,0,0,1,1,0,1,0,0,0,2.7027027027027027e-05
89,1,0,0,1,1,0,1,0,0,0,2.7027027027027027e-05
90,0,1,0,1,1,0,1,0,0,0,2.7027027027027027e-05
91,1,1,0,1,1,0,1,0,0,0,2.7027027027027027e-05
92,0,0,1,1,1,0,1,0,0,0,2.7027027027027027e-05
93,1,0,1,1,1,0,1,0,0,0,2.7027027027027027e-05
94,0,1,1,1,1,0,1,0,0,0,2.7027027027027027e-05
95,1,1,1,1,1,0,1,0,0,0,2.7027027027027027e-05
96,0,0,0,0,0,1,1,0,0,0,2.7027027027027027e-05
97,1,0,0,0,0,1,1,0,0,0,2.7027027027027027e-05
98,0,1,0,0,0,1,1,0,0,0,2.7027027027027027e-05
99,1,1,0,0,0,1,1,0,0,0,2.7027027027027027e-05
100,0,0,1,0,0,1,1,0,0,0,2.7027027027027027e-05
101,1,0,1,0,0,1,1,0,0,0,2.7027027027027027e-05
102,0,1,1,0,0,1,1,0,0,0,2.7027027027027027e-05
103,1,1,1,0,0,1,1,0,0,0,2.7027027027027027e-05
104,0,0,0,1,0,1,1,0,0,0,2.7027027027027027e-05
105,1,0,0,1,0,1,1,0,0,0,2.7027027027027027e-05
106,0,1,0,1,0,1,1,0,0,0,2.7027027027027027e-05
107,1,1,0,1,0,1,1,0,0,0,2.7027027027027027e-05
108,0,0,1,1,0,1,1,0,0,0,2.7027027027027027e-05
109,1,0,1,1,0,1,1,0,0,0,2.7027027027027027e-05
110,0,1,1,1,0,1,1,0,0,0,2.7027027027027027e-05
111,1,1,1,1,0,1,1,0,0,0,2.7027027027027027e-05
112,0,0,0,0,1,1,1,0,0,0,2.7027027027027027e-05
113,1,0,0,0,1,1,1,0,0,0,2.7027027027027027e-05
114,0,1,0,0,1,1,1,0,0,0,2.7027027027027027e-05
115,1,1,0,0,1,1,1,0,0,0,2.7027027027027027e-05
116,0,0,1,0,1,1,1,0,0,0,2.7027027027027027e-05
117,1,0,1,0,1,1,1,0,0,0,2.7027027027027027e-05
118,0,1,1,0,1,1,1,0,0,0,2.7027027027027027e-05
119,1,1,1,0,1,1,1,0,0,0,2.7027027027027027e-05
120,0,0,0,1,1,1,1,0,0,0,2.7027027027027027e-05
121,1,0,0,1,1,1,1,0,0,0,2.7027027027027027e-05
122,0,1,0,1,1,1,1,0,0,0,2.7027027027027027e-05
123,1,1,0,1,1,1,1,0,0,0,2.7027027027027027e-05
124,0,0,1,1,1,1,1,0,0,0,2.7027027027027027e-05
125,1,0,1,1,1,1,1,0,0,0,2.7027027027027027e-05
126,0,1,1,1,1,1,1,0,0,0,2.7027027027027027e-05
127,1,1,1,1,1,1,1,0,0,0,2.7027027027027027e-05
128,0,0,0,0,0,0,0,1,0,0,2.7027027027027027e-05
129,1,0,0,0,0,0,0,1,0,0,2.7027027027027027e-05
130,0,1,0,0,0,0,0,1,0,0,2.7027027027027027e-05
131,1,1,0,0,0,0,0,1,0,0,2.7027027027027027e-05
132,0,0,1,0,0,0,0,1,0,0,2.7027027027027027e-05
133,1,0,1,0,0,0,0,1,0,0,2.7027027027027027e-05
134,0,1,1,0,0,0,0,1,0,0,2.7027027027027027e-05
135,1,1,1,0,0,0,0,1,0,0,2.7027027027027027e-05
136,0,0,0,1,0,0,0,1,0,0,2.7027027027027027e-05
137,1,0,0,1,0,0,0,1,0,0,2.7027027027027027e-05
138,0,1,0,1,0,0,0,1,0,0,2.7027027027027027e-05
139,1,1,0,1,0,0,0,1,0,0,2.7027027027027027e-05
140,0,0,1,1,0,0,0,1,0,0,2.7027027027027027e-05
141,1,0,1,1,0,0,0,1,0,0,2.7027027027027027e-05
142,0,1,1,1,0,0,0,1,0,0,2.7027027027027027e-05
143,1,1,1,1,0,0,0,1,0,0,2.7027027027027027e-05
144,0,0,0,0,1,0,0,1,0,0,2.7027027027027027e-05
145,1,0,0,0,1,0,0,1,0,0,2.7027027027027027e-05
146,0,1,0,0,1,0,0,1,0,0,2.7027027027027027e-05
147,1,1,0,0,1,0,0,1,0,0,2.7027027027027027e-05
148,0,0,1,0,1,0,0,1,0,0,2.7027027027027027e-05
149,1,0,1,0,1,0,0,1,0,0,2.7027027027027027e-05
150,0,1,1,0,1,0,0,1,0,0,2.7027027027027027e-05
151,1,1,1,0,1,0,0,1,0,0,2.7027027027027027e-05
152,0,0,0,1,1,0,0,1,0,0,2.7027027027027027e-05
153,1,0,0,1,1,0,0,1,0,0,2.7027027027027027e-05
154,0,1,0,1,1,0,0,1,0,0,2.7027027027027027e-05
155,1,1,0,1,1,0,0,1,0,0,2.7027027027027027e-05
156,0,0,1,1,1,0,0,1,0,0,2.7027027027027027e-05
157,1,0,1,1,1,0,0,1,0,0,2.7027027027027027e-05
158,0,1,1,1,1,0,0,1,0,0,2.7027027027027027e-05
159,1,1,1,1,1,0,0,1,0,0,2.7027027027027027e-05
160,0,0,0,0,0,1,0,1,0,0,2.7027027027027027e-05
161,1,0,0,0,0,1,0,1,0,0,2.7027027027027027e-05
162,0,1,0,0,0,1,0,1,0,0,2.7027027027027027e-05
163,1,1,0,0,0,1,0,1,0,0,2.7027027027027027e-05
164,0,0,1,0,0,1,0,1,0,0,2.7027027027027027e-05
165,1,0,1,0,0,1,0,1,0,0,2.7027027027027027e-05
166,0,1,1,0,0,1,0,1,0,0,2.7027027027027027e-05
167,1,1,1,0,0,1,0,1,0,0,2.7027027027027027e-05
168,0,0,0,1,0,1,0,1,0,0,2.7027027027027027e-05
169,1,0,0,1,0,1,0,1,0,0,2.7027027027027027e-05
170,0,1,0,1,0,1,0,1,0,0,2.7027027027027027e-05
171,1,1,0,1,0,1,0,1,0,0,2.7027027027027027e-05
172,0,0,1,1,0,1,0,1,0,0,2.7027027027027027e-05
173,1,0,1,1,0,1,0,1,0,0,2.7027027027027027e-05
174,0,1,1,1,0,1,0,1,0,0,2.7027027027027027e-05
175,1,1,1,1,0,1,0,1,0,0,2.7027027027027027e-05
176,0,0,0,0,1,1,0,1,0,0,2.7027027027027027e-05
177,1,0,0,0,1,1,0,1,0,0,2.7027027027027027e-05
178,0,1,0,0,1,1,0,1,0,0,2.7027027027027027e-05
179,1,1,0,0,1,1,0,1,0,0,2.7027027027027027e-05
180,0,0,1,0,1,1,0,1,0,0,2.7027027027027027e-05
181,1,0,1,0,1,1,0,1,0,0,2.7027027027027027e-05
182,0,1,1,0,1,1,0,1,0,0,2.7027027027027027e-05
183,1,1,1,0,1,1,0,1,0,0,2.7027027027027027e-05
184,0,0,0,1,1,1,0,1,0,0,2.7027027027027027e-05
185,1,0,0,1,1,1,0,1,0,0,2.7027027027027027e-05
186,0,1,0,1,1,1,0,1,0,0,2.7027027027027027e-05
187,1,1,0,1,1,1,0,1,0,0,2.7027027027027027e-05
188,0,0,1,1,1,1,0,1,0,0,2.7027027027027027e-05
189,1,0,1,1,1,1,0,1,0,0,2.7027027027027027e-05
190,0,1,1,1,1,1,0,1,0,0,2.7027027027027027e-05
191,1,1,1,1,1,1,0,1,0,0,2.7027027027027027e-05
192,0,0,0,0,0,0,1,1,0,0,2.7027027027027027e-05
193,1,0,0,0,0,0,1,1,0,0,2.7027027027027027e-05
194,0,1,0,0,0,0,1,1,0,0,2.7027027027027027e-05
195,1,1,0,0,0,0,1,1,0,0,2.7027027027027027e-05
196,0,0,1,0,0,0,1,1,0,0,2.7027027027027027e-05
197,1,0,1,0,0,0,1,1,0,0,2.7027027027027027e-05
198,0,1,1,0,0,0,1,1,0,0,2.7027027027027027e-05
199,1,1,1,0,0,0,1,1,0,0,2.7027027027027027e-05
200,0,0,0,1,0,0,1,1,0,0,2.7027027027027027e-05
201,1,0,0,1,0,0,1,1,0,0,2.7027027027027027e-05
202,0,1,0,1,0,0,1,1,0,0,2.7027027027027027e-05
203,1,1,0,1,0,0,1,1,0,0,2.7027027027027027e-05
204,0,0,1,1,0,0,1,1,0,0,2.7027027027027027e-05
205,1,0,1,1,0,0,1,1,0,0,2.7027027027027027e-05
206,0,1,1,1,0,0,1,1,0,0,2.7027027027027027e-05
207,1,1,1,1,0,0,1,1,0,0,2.7027027027027027e-05
208,0,0,0,0,1,0,1,1,0,0,2.7027027027027027e-05
209,1,0,0,0,1,0,1,1,0,0,2.7027027027027027e-05
210,0,1,0,0,1,0,1,1,0,0,2.7027027027027027e-05
211,1,1,0,0,1,0,1,1,0,0,2.7027027027027027e-05
212,0,0,1,0,1,0,1,1,0,0,2.7027027027027027e-05
213,1,0,1,0,1,0,1,1,0,0,2.7027027027027027e-05
214,0,1,1,0,1,0,1,1,0,0,2.7027027027027027e-05
215,1,1,1,0,1,0,1,1,0,0,2.7027027027027027e-05
216,0,0,0,1,1,0,1,1,0,0,2.7027027027027027e-05
217,1,0,0,1,1,0,1,1,0,0,2.7027027027027027e-05
218,0,1,0,1,1,0,1,1,0,0,2.7027027027027027e-05
219,1,1,0,1,1,0,1,1,0,0,2.7027027027027027e-05
220,0,0,1,1,1,0,1,1,0,0,2.7027027027027027e-05
221,1,0,1,1,1,0,1,1,0,0,2.7027027027027027e-05
222,0,1,1,1,1,0,1,1,0,0,2.7027027027027027e-05
223,1,1,1,1,1,0,1,1,0,0,2.7027027027027027e-05
224,0,0,0,0,0,1,1,1,0,0,2.7027027027027027e-05
225,1,0,0,0,0,1,1,1,0,0,2.7027027027027027e-05
226,0,1,0,0,0,1,1,1,0,0,2.7027027027027027e-05
227,1,1,0,0,0,1,1,1,0,0,2.7027027027027027e-05
228,0,0,1,0,0,1,1,1,0,0,2.7027027027027027e-05
229,1,0,1,0,0,1,1,1,0,0,2.7027027027027027e-05
230,0,1,1,0,0,1,1,1,0,0,2.7027027027027027e-05
231,1,1,1,0,0,1,1,1,0,0,2.7027027027027027e-05
232,0,0,0,1,0,1,1,1,0,0,2.7027027027027027e-05
233,1,0,0,1,0,1,1,1,0,0,2.7027027027027027e-05
234,0,1,0,1,0,1,1,1,0,0,2.7027027027027027e-05
235,1,1,0,1,0,1,1,1,0,0,2.7027027027027027e-05
236,0,0,1,1,0,1,1,1,0,0,2.7027027027027027e-05
237,1,0,1,1,0,1,1,1,0,0,2.7027027027027027e-05
238,0,1,1,1,0,1,1,1,0,0,2.7027027027027027e-05
239,1,1,1,1,0,1,1,1,0,0,2.7027027027027027e-05
240,0,0,0,0,1,1,1,1,0,0,2.7027027027027027e-05
241,1,0,0,0,1,1,1,1,0,0,2.7027027027027027e-05
242,0,1,0,0,1,1,1,1,0,0,2.7027027027027027e-05
243,1,1,0,0,1,1,1,1,0,0,2.7027027027027027e-05
244,0,0,1,0,1,1,1,1,0,0,2.7027027027027027e-05
245,1,0,1,0,1,1,1,1,0,0,2.7027027027027027e-05
246,0,1,1,0,1,1,1,1,0,0,2.7027027027027027e-05
247,1,1,1,0,1,1,1,1,0,0,2.7027027027027027e-05
248,0,0,0,1,1,1,1,1,0,0,2.7027027027027027e-05
249,1,0,0,1,1,1,1,1,0,0,2.7027027027027027e-05
250,0,1,0,1,1,1,1,1,0,0,2.7027027027027027e-05
251,1,1,0,1,1,1,1,1,0,0,2.7027027027027027e-05
252,0,0,1,1,1,1,1,1,0,0,2.7027027027027027e-05
253,1,0,1,1,1,1,1,1,0,0,2.7027027027027027e-05
254,0,1,1,1,1,1,1,1,0,0,2.7027027027027027e-05
255,1,1,1,1,1,1,1,1,0,0,2.7027027027027027e-05
256,0,0,0,0,0,0,0,0,1,0,2.7027027027027027e-05
257,1,0,0,0,0,0,0,0,1,0,2.7027027027027027e-05
258,0,1,0,0,0,0,0,0,1,0,2.7027027027027027e-05
259,1,1,0,0,0,0,0,0,1,0,2.7027027027027027e-05
260,0,0,1,0,0,0,0,0,1,0,2.7027027027027027e-05
261,1,0,1,0,0,0,0,0,1,0,2.7027027027027027e-05
262,0,1,1,0,0,0,0,0,1,0,2.7027027027027027e-05
263,1,1,1,0,0,0,0,0,1,0,2.7027027027027027e-05
264,0,0,0,1,0,0,0,0,1,0,2.7027027027027027e-05
265,1,0,0,1,0,0,0,0,1,0,2.7027027027027027e-05
266,0,1,0,1,0,0,0,0,1,0,2.7027027027027027e-05
267,1,1,0,1,0,0,0,0,1,0,2.7027027027027027e-05
268,0,0,1,1,0,0,0,0,1,0,2.7027027027027027e-05
269,1,0,1,1,0,0,0,0,1,0,2.7027027027027027e-05
270,0,1,1,1,0,0,0,0,1,0,2.7027027027027027e-05
271,1,1,1,1,0,0,0,0,1,0,2.7027027027027027e-05
272,0,0,0,0,1,0,0,0,1,0,2.7027027027027027e-05
273,1,0,0,0,1,0,0,0,1,0,2.7027027027027027e-05
274,0,1,0,0,1,0,0,0,1,0,2.7027027027027027e-05
275,1,1,0,0,1,0,0,0,1,0,2.7027027027027027e-05
276,0,0,1,0,1,0,0,0,1,0,2.7027027027027027e-05
277,1,0,1,0,1,0,0,0,1,0,2.7027027027027027e-05
278,0,1,1,0,1,0,0,0,1,0,2.7027027027027027e-05
279,1,1,1,0,1,0,0,0,1,0,2.7027027027027027e-05
280,0,0,0,1,1,0,0,0,1,0,2.7027027027027027e-05
281,1,0,0,1,1,0,0,0,1,0,2.7027027027027027e-05
282,0,1,0,1,1,0,0,0,1,0,2.7027027027027027e-05
283,1,1,0,1,1,0,0,0,1,0,2.7027027027027027e-05
284,0,0,1,1,1,0,0,0,1,0,2.7027027027027027e-05
285,1,0,1,1,1,0,0,0,1,0,2.7027027027027027e-05
286,0,1,1,1,1,0,0,0,1,0,2.7027027027027027e-05
287,1,1,1,1,1,0,0,0,1,0,2.7027027027027027e-05
288,0,0,0,0,0,1,0,0,1,0,2.7027027027027027e-05
289,1,0,0,0,0,1,0,0,1,0,2.7027027027027027e-05
290,0,1,0,0,0,1,0,0,1,0,2.7027027027027027e-05
291,1,1,0,0,0,1,0,0,1,0,2.7027027027027027e-05
292,0,0,1,0,0,1,0,0,1,0,2.7027027027027027e-05
293,1,0,1,0,0,1,0,0,1,0,2.7027027027027027e-05
294,0,1,1,0,0,1,0,0,1,0,2.7027027027027027e-05
295,1,1,1,0,0,1,0,0,1,0,2.7027027027027027e-05
296,0,0,0,1,0,1,0,0,1,0,2.7027027027027027e-05
297,1,0,0,1,0,1,0,0,1,0,2.7027027027027027e-05
298,0,1,0,1,0,1,0,0,1,0,2.7027027027027027e-05
299,1,1,0,1,0,1,0,0,1,0,2.7027027027027027e-05
300,0,0,1,1,0,1,0,0,1,0,2.7027027027027027e-05
301,1,0,1,1,0,1,0,0,1,0,2.7027027027027027e-05
302,0,1,1,1,0,1,0,0,1,0,2.7027027027027027e-05
303,1,1,1,1,0,1,0,0,1,0,2.7027027027027027e-05
304,0,0,0,0,1,1,0,0,1,0,2.7027027027027027e-05
305,1,0,0,0,1,1,0,0,1,0,2.7027027027027027e-05
306,0,1,0,0,1,1,0,0,1,0,2.7027027027027027e-05
307,1,1,0,0,1,1,0,0,1,0,2.7027027027027027e-05
308,0,0,1,0,1,1,0,0,1,0,2.7027027027027027e-05
309,1,0,1,0,1,1,0,0,1,0,2.7027027027027027e-05
310,0,1,1,0,1,1,0,0,1,0,2.7027027027027027e-05
311,1,1,1,0,1,1,0,0,1,0,2.7027027027027027e-05
312,0,0,0,1,1,1,0,0,1,0,2.7027027027027027e-05
313,1,0,0,1,1,1,0,0,1,0,2.7027027027027027e-05
314,0,1,0,1,1,1,0,0,1,0,2.7027027027027027e-05
315,1,1,0,1,1,1,0,0,1,0,2.7027027027027027e-05
316,0,0,1,1,1,1,0,0,1,0,2.7027027027027027e-05
317,1,0,1,1,1,1,0,0,1,0,2.7027027027027027e-05
318,0,1,1,1,1,1,0,0,1,0,2.7027027027027027e-05
319,1,1,1,1,1,1,0,0,1,0,2.7027027027027027e-05
320,0,0,0,0,0,0,1,0,1,0,2.7027027027027027e-05
321,1,0,0,0,0,0,1,0,1,0,2.7027027027027027e-05
322,0,1,0,0,0,0,1,0,1,0,2.7027027027027027e-05
323,1,1,0,0,0,0,1,0,1,0,2.7027027027027027e-05
324,0,0,1,0,0,0,1,0,1,0,2.7027027027027027e-05
325,1,0,1,0,0,0,1,0,1,0,2.7027027027027027e-05
326,0,1,1,0,0,0,1,0,1,0,2.7027027027027027e-05
327,1,1,1,0,0,0,1,0,1,0,2.7027027027027027e-05
328,0,0,0,1,0,0,1,0,1,0,2.7027027027027027e-05
329,1,0,0,1,0,0,1,0,1,0,2.7027027027027027e-05
330,0,1,0,1,0,0,1,0,1,0,2.7027027027027027e-05
331,1,1,0,1,0,0,1,0,1,0,2.7027027027027027e-05
332,0,0,1,1,0,0,1,0,1,0,2.7027027027027027e-05
333,1,0,1,1,0,0,1,0,1,0,2.7027027027027027e-05
334,0,1,1,1,0,0,1,0,1,0,2.7027027027027027e-05
335,1,1,1,1,0,0,1,0,1,0,2.7027027027027027e-05
336,0,0,0,0,1,0,1,0,1,0,2.7027027027027027e-05
337,1,0,0,0,1,0,1,0,1,0,2.7027027027027027e-05
338,0,1,0,0,1,0,1,0,1,0,2.7027027027027027e-05
339,1,1,0,0,1,0,1,0,1,0,2.7027027027027027e-05
340,0,0,1,0,1,0,1,0,1,0,2.7027027027027027e-05
341,1,0,1,0,1,0,1,0,1,0,2.7027027027027027e-05
342,0,1,1,0,1,0,1,0,1,0,2.7027027027027027e-05
343,1,1,1,0,1,0,1,0,1,0,2.7027027027027027e-05
344,0,0,0,1,1,0,1,0,1,0,2.7027027027027027e-05
345,1,0,0,1,1,0,1,0,1,0,2.7027027027027027e-05
346,0,1,0,1,1,0,1,0,1,0,2.7027027027027027e-05
347,1,1,0,1,1,0,1,0,1,0,2.7027027027027027e-05
348,0,0,1,1,1,0,1,0,1,0,2.7027027027027027e-05
349,1,0,1,1,1,0,1,0,1,0,2.7027027027027027e-05
350,0,1,1,1,1,0,1,0,1,0,2.7027027027027027e-05
351,1,1,1,1,1,0,1,0,1,0,2.7027027027027027e-05
352,0,0,0,0,0,1,1,0,1,0,2.7027027027027027e-05
353,1,0,0,0,0,1,1,0,1,0,2.7027027027027027e-05
354,0,1,0,0,0,1,1,0,1,0,2.7027027027027027e-05
355,1,1,0,0,0,1,1,0,1,0,2.7027027027027027e-05
356,0,0,1,0,0,1,1,0,1,0,2.7027027027027027e-05
357,1,0,1,0,0,1,1,0,1,0,2.7027027027027027e-05
358,0,1,1,0,0,1,1,0,1,0,2.7027027027027027e-05
359,1,1,1,0,0,1,1,0,1,0,2.7027027027027027e-05
360,0,0,0,1,0,1,1,0,1,0,2.7027027027027027e-05
361,1,0,0,1,0,1,1,0,1,0,2.7027027027027027e-05
362,0,1,0,1,0,1,1,0,1,0,2.7027027027027027e-05
363,1,1,0,1,0,1,1,0,1,0,2.7027027027027027e-05
364,0,0,1,1,0,1,1,0,1,0,2.7027027027027027e-05
365,1,0,1,1,0,1,1,0,1,0,2.7027027027027027e-05
366,0,1,1,1,0,1,1,0,1,0,2.7027027027027027e-05
367,1,1,1,1,0,1,1,0,1,0,2.7027027027027027e-05
368,0,0,0,0,1,1,1,0,1,0,2.7027027027027027e-05
369,1,0,0,0,1,1,1,0,1,0,2.7027027027027027e-05
370,0,1,0,0,1,1,1,0,1,0,2.7027027027027027e-05
371,1,1,0,0,1,1,1,0,1,0,2.7027027027027027e-05
372,0,0,1,0,1,1,1,0,1,0,2.7027027027027027e-05
373,1,0,1,0,1,1,1,0,1,0,2.7027027027027027e-05
374,0,1,1,0,1,1,1,0,1,0,2.7027027027027027e-05
375,1,1,1,0,1,1,1,0,1,0,2.7027027027027027e-05
376,0,0,0,1,1,1,1,0,1,0,2.7027027027027027e-05
377,1,0,0,1,1,1,1,0,1,0,2.7027027027027027e-05
378,0,1,0,1,1,1,1,0,1,0,2.7027027027027027e-05
379,1,1,0,1,1,1,1,0,1,0,2.7027027027027027e-05
380,0,0,1,1,1,1,1,0,1,0,2.7027027027027027e-05
381,1,0,1,1,1,1,1,0,1,0,2.7027027027027027e-05
382,0,1,1,1,1,1,1,0,1,0,2.7027027027027027e-05
383,1,1,1,1,1,1,1,0,1,0,2.7027027027027027e-05
384,0,0,0,0,0,0,0,1,1,0,2.7027027027027027e-05
385,1,0,0,0,0,0,0,1,1,0,2.7027027027027027e-05
386,0,1,0,0,0,0,0,1,1,0,2.7027027027027027e-05
387,1,1,0,0,0,0,0,1,1,0,2.7027027027027027e-05
388,0,0,1,0,0,0,0,1,1,0,2.7027027027027027e-05
389,1,0,1,0,0,0,0,1,1,0,2.7027027027027027e-05
390,0,1,1,0,0,0,0,1,1,0,2.7027027027027027e-05
391,1,1,1,0,0,0,0,1,1,0,2.7027027027027027e-05
392,0,0,0,1,0,0,0,1,1,0,2.7027027027027027e-05
393,1,0,0,1,0,0,0,1,1,0,2.7027027027027027e-05
394,0,1,0,1,0,0,0,1,1,0,2.7027027027027027e-05
395,1,1,0,1,0,0,0,1,1,0,2.7027027027027027e-05
396,0,0,1,1,0,0,0,1,1,0,2.7027027027027027e-05
397,1,0,1,1,0,0,0,1,1,0,2.7027027027027027e-05
398,0,1,1,1,0,0,0,1,1,0,2.7027027027027027e-05
399,1,1,1,1,0,0,0,1,1,0,2.7027027027027027e-05
400,0,0,0,0,1,0,0,1,1,0,2.7027027027027027e-05
401,1,0,0,0,1,0,0,1,1,0,2.7027027027027027e-05
402,0,1,0,0,1,0,0,1,1,0,2.7027027027027027e-05
403,1,1,0,0,1,0,0,1,1,0,2.7027027027027027e-05
404,0,0,1,0,1,0,0,1,1,0,2.7027027027027027e-05
405,1,0,1,0,1,0,0,1,1,0,2.7027027027027027e-05
406,0,1,1,0,1,0,0,1,1,0,2.7027027027027027e-05
407,1,1,1,0,1,0,0,1,1,0,2.7027027027027027e-05
408,0,0,0,1,1,0,0,1,1,0,2.7027027027027027e-05
409,1,0,0,1,1,0,0,1,1,0,2.7027027027027027e-05
410,0,1,0,1,1,0,0,1,1,0,2.7027027027027027e-05
411,1,1,0,1,1,0,0,1,1,0,2.7027027027027027e-05
412,0,0,1,1,1,0,0,1,1,0,2.7027027027027027e-05
413,1,0,1,1,1,0,0,1,1,0,2.7027027027027027e-05
414,0,1,1,1,1,0,0,1,1,0,2.7027027027027027e-05
415,1,1,1,1,1,0,0,1,1,0,2.7027027027027027e-05
416,0,0,0,0,0,1,0,1,1,0,2.7027027027027027e-05
417,1,0,0,0,0,1,0,1,1,0,2.7027027027027027e-05
418,0,1,0,0,0,1,0,1,1,0,2.7027027027027027e-05
419,1,1,0,0,0,1,0,1,1,0,2.7027027027027027e-05
420,0,0,1,0,0,1,0,1,1,0,2.7027027027027027e-05
421,1,0,1,0,0,1,0,1,1,0,2.7027027027027027e-05
422,0,1,1,0,0,1,0,1,1,0,2.7027027027027027e-05
423,1,1,1,0,0,1,0,1,1,0,2.7027027027027027e-05
424,0,0,0,1,0,1,0,1,1,0,2.7027027027027027e-05
425,1,0,0,1,0,1,0,1,1,0,2.7027027027027027e-05
426,0,1,0,1,0,1,0,1,1,0,2.7027027027027027e-05
427,1,1,0,1,0,1,0,1,1,0,2.7027027027027027e-05
428,0,0,1,1,0,1,0,1,1,0,2.7027027027027027e-05
429,1,0,1,1,0,1,0,1,1,0,2.7027027027027027e-05
430,0,1,1,1,0,1,0,1,1,0,2.7027027027027027e-05
431,1,1,1,1,0,1,0,1,1,0,2.7027027027027027e-05
432,0,0,0,0,1,1,0,1,1,0,2.7027027027027027e-05
433,1,0,0,0,1,1,0,1,1,0,2.7027027027027027e-05
434,0,1,0,0,1,1,0,1,1,0,2.7027027027027027e-05
435,1,1,0,0,1,1,0,1,1,0,2.7027027027027027e-05
436,0,0,1,0,1,1,0,1,1,0,2.7027027027027027e-05
437,1,0,1,0,1,1,0,1,1,0,2.7027027027027027e-05
438,0,1,1,0,1,1,0,1,1,0,2.7027027027027027e-05
439,1,1,1,0,1,1,0,1,1,0,2.7027027027027027e-05
440,0,0,0,1,1,1,0,1,1,0,2.7027027027027027e-05
441,1,0,0,1,1,1,0,1,1,0,2.7027027027027027e-05
442,0,1,0,1,1,1,0,1,1,0,2.7027027027027027e-05
443,1,1,0,1,1,1,0,1,1,0,2.7027027027027027e-05
444,0,0,1,1,1,1,0,1,1,0,2.7027027027027027e-05
445,1,0,1,1,1,1,0,1,1,0,2.7027027027027027e-05
446,0,1,1,1,1,1,0,1,1,0,2.7027027027027027e-05
447,1,1,1,1,1,1,0,1,1,0,2.7027027027027027e-05
448,0,0,0,0,0,0,1,1,1,0,2.7027027027027027e-05
449,1,0,0,0,0,0,1,1,1,0,2.7027027027027027e-05
450,0,1,0,0,0,0,1,1,1,0,2.7027027027027027e-05
451,1,1,0,0,0,0,1,1,1,0,2.7027027027027027e-05
452,0,0,1,0,0,0,1,1,1,0,2.7027027027027027e-05
453,1,0,1,0,0,0,1,1,1,0,2.7027027027027027e-05
454,0,1,1,0,0,0,1,1,1,0,2.7027027027027027e-05
455,1,1,1,0,0,0,1,1,1,0,2.7027027027027027e-05
456,0,0,0,1,0,0,1,1,1,0,2.7027027027027027e-05
457,1,0,0,1,0,0,1,1,1,0,2.7027027027027027e-05
458,0,1,0,1,0,0,1,1,1,0,2.7027027027027027e-05
459,1,1,0,1,0,0,1,1,1,0,2.7027027027027027e-05
460,0,0,1,1,0,0,1,1,1,0,2.7027027027027027e-05
461,1,0,1,1,0,0,1,1,1,0,2.7027027027027027e-05
462,0,1,1,1,0,0,1,1,1,0,2.7027027027027027e-05
463,1,1,1,1,0,0,1,1,1,0,2.7027027027027027e-05
464,0,0,0,0,1,0,1,1,1,0,2.7027027027027027e-05
465,1,0,0,0,1,0,1,1,1,0,2.7027027027027027e-05
466,0,1,0,0,1,0,1,1,1,0,2.7027027027027027e-05
467,1,1,0,0,1,0,1,1,1,0,2.7027027027027027e-05
468,0,0,1,0,1,0,1,1,1,0,2.7027027027027027e-05
469,1,0,1,0,1,0,1,1,1,0,2.7027027027027027e-05
470,0,1,1,0,1,0,1,1,1,0,2.7027027027027027e-05
471,1,1,1,0,1,0,1,1,1,0,2.7027027027027027e-05
472,0,0,0,1,1,0,1,1,1,0,2.7027027027027027e-05
473,1,0,0,1,1,0,1,1,1,0,3.603603603603604e-05
474,0,1,0,1,1,0,1,1,1,0,2.7027027027027027e-05
475,1,1,0,1,1,0,1,1,1,0,2.7027027027027027e-05
476,0,0,1,1,1,0,1,1,1,0,2.7027027027027027e-05
477,1,0,1,1,1,0,1,1,1,0,2.7027027027027027e-05
478,0,1,1,1,1,0,1,1,1,0,2.7027027027027027e-05
479,1,1,1,1,1,0,1,1,1,0,2.7027027027027027e-05
480,0,0,0,0,0,1,1,1,1,0,2.7027027027027027e-05
481,1,0,0,0,0,1,1,1,1,0,2.7027027027027027e-05
482,0,1,0,0,0,1,1,1,1,0,2.7027027027027027e-05
483,1,1,0,0,0,1,1,1,1,0,2.7027027027027027e-05
484,0,0,1,0,0,1,1,1,1,0,2.7027027027027027e-05
485,1,0,1,0,0,1,1,1,1,0,2.7027027027027027e-05
486,0,1,1,0,0,1,1,1,1,0,2.7027027027027027e-05
487,1,1,1,0,0,1,1,1,1,0,2.7027027027027027e-05
488,0,0,0,1,0,1,1,1,1,0,2.7027027027027027e-05
489,1,0,0,1,0,1,1,1,1,0,2.7027027027027027e-05
490,0,1,0,1,0,1,1,1,1,0,2.7027027027027027e-05
491,1,1,0,1,0,1,1,1,1,0,2.7027027027027027e-05
492,0,0,1,1,0,1,1,1,1,0,2.7027027027027027e-05
493,1,0,1,1,0,1,1,1,1,0,2.7027027027027027e-05
494,0,1,1,1,0,1,1,1,1,0,2.7027027027027027e-05
495,1,1,1,1,0,1,1,1,1,0,2.7027027027027027e-05
496,0,0,0,0,1,1,1,1,1,0,2.7027027027027027e-05
497,1,0,0,0,1,1,1,1,1,0,2.7027027027027027e-05
498,0,1,0,0,1,1,1,1,1,0,2.7027027027027027e-05
499,1,1,0,0,1,1,1,1,1,0,2.7027027027027027e-05
500,0,0,1,0,1,1,1,1,1,0,2.7027027027027027e-05
501,1,0,1,0,1,1,1,1,1,0,2.7027027027027027e-05
502,0,1,1,0,1,1,1,1,1,0,2.7027027027027027e-05
503,1,1,1,0,1,1,1,1,1,0,2.7027027027027027e-05
504,0,0,0,1,1,1,1,1,1,0,2.7027027027027027e-05
505,1,0,0,1,1,1,1,1,1,0,2.7027027027027027e-05
506,0,1,0,1,1,1,1,1,1,0,2.7027027027027027e-05
507,1,1,0,1,1,1,1,1,1,0,2.7027027027027027e-05
508,0,0,1,1,1,1,1,1,1,0,2.7027027027027027e-05
509,1,0,1,1,1,1,1,1,1,0,2.7027027027027027e-05
510,0,1,1,1,1,1,1,1,1,0,2.7027027027027027e-05
511,1,1,1,1,1,1,1,1,1,0,2.7027027027027027e-05
512,0,0,0,0,0,0,0,0,0,1,2.7027027027027027e-05
513,1,0,0,0,0,0,0,0,0,1,2.7027027027027027e-05
514,0,1,0,0,0,0,0,0,0,1,2.7027027027027027e-05
515,1,1,0,0,0,0,0,0,0,1,2.7027027027027027e-05
516,0,0,1,0,0,0,0,0,0,1,2.7027027027027027e-05
517,1,0,1,0,0,0,0,0,0,1,2.7027027027027027e-05
518,0,1,1,0,0,0,0,0,0,1,2.7027027027027027e-05
519,1,1,1,0,0,0,0,0,0,1,2.7027027027027027e-05
520,0,0,0,1,0,0,0,0,0,1,2.7027027027027027e-05
521,1,0,0,1,0,0,0,0,0,1,2.7027027027027027e-05
522,0,1,0,1,0,0,0,0,0,1,2.7027027027027027e-05
523,1,1,0,1,0,0,0,0,0,1,2.7027027027027027e-05
524,0,0,1,1,0,0,0,0,0,1,2.7027027027027027e-05
525,1,0,1,1,0,0,0,0,0,1,2.7027027027027027e-05
526,0,1,1,1,0,0,0,0,0,1,2.7027027027027027e-05
527,1,1,1,1,0,0,0,0,0,1,2.7027027027027027e-05
528,0,0,0,0,1,0,0,0,0,1,2.7027027027027027e-05
529,1,0,0,0,1,0,0,0,0,1,2.7027027027027027e-05
530,0,1,0,0,1,0,0,0,0,1,2.7027027027027027e-05
531,1,1,0,0,1,0,0,0,0,1,2.7027027027027027e-05
532,0,0,1,0,1,0,0,0,0,1,2.7027027027027027e-05
533,1,0,1,0,1,0,0,0,0,1,2.7027027027027027e-05
534,0,1,1,0,1,0,0,0,0,1,2.7027027027027027e-05
535,1,1,1,0,1,0,0,0,0,1,2.7027027027027027e-05
536,0,0,0,1,1,0,0,0,0,1,2.7027027027027027e-05
537,1,0,0,1,1,0,0,0,0,1,2.7027027027027027e-05
538,0,1,0,1,1,0,0,0,0,1,2.7027027027027027e-05
539,1,1,0,1,1,0,0,0,0,1,2.7027027027027027e-05
540,0,0,1,1,1,0,0,0,0,1,2.7027027027027027e-05
541,1,0,1,1,1,0,0,0,0,1,2.7027027027027027e-05
542,0,1,1,1,1,0,0,0,0,1,2.7027027027027027e-05
543,1,1,1,1,1,0,0,0,0,1,2.7027027027027027e-05
544,0,0,0,0,0,1,0,0,0,1,2.7027027027027027e-05
545,1,0,0,0,0,1,0,0,0,1,2.7027027027027027e-05
546,0,1,0,0,0,1,0,0,0,1,2.7027027027027027e-05
547,1,1,0,0,0,1,0,0,0,1,2.7027027027027027e-05
548,0,0,1,0,0,1,0,0,0,1,2.7027027027027027e-05
549,1,0,1,0,0,1,0,0,0,1,2.7027027027027027e-05
550,0,1,1,0,0,1,0,0,0,1,2.7027027027027027e-05
551,1,1,1,0,0,1,0,0,0,1,2.7027027027027027e-05
552,0,0,0,1,0,1,0,0,0,1,2.7027027027027027e-05
553,1,0,0,1,0,1,0,0,0,1,2.7027027027027027e-05
554,0,1,0,1,0,1,0,0,0,1,2.7027027027027027e-05
555,1,1,0,1,0,1,0,0,0,1,2.7027027027027027e-05
556,0,0,1,1,0,1,0,0,0,1,2.7027027027027027e-05
557,1,0,1,1,0,1,0,0,0,1,2.7027027027027027e-05
558,0,1,1,1,0,1,0,0,0,1,2.7027027027027027e-05
559,1,1,1,1,0,1,0,0,0,1,2.7027027027027027e-05
560,0,0,0,0,1,1,0,0,0,1,2.7027027027027027e-05
561,1,0,0,0,1,1,0,0,0,1,2.7027027027027027e-05
562,0,1,0,0,1,1,0,0,0,1,2.7027027027027027e-05
563,1,1,0,0,1,1,0,0,0,1,2.7027027027027027e-05
564,0,0,1,0,1,1,0,0,0,1,2.7027027027027027e-05
565,1,0,1,0,1,1,0,0,0,1,2.7027027027027027e-05
566,0,1,1,0,1,1,0,0,0,1,2.7027027027027027e-05
567,1,1,1,0,1,1,0,0,0,1,2.7027027027027027e-05
568,0,0,0,1,1,1,0,0,0,1,2.7027027027027027e-05
569,1,0,0,1,1,1,0,0,0,1,2.7027027027027027e-05
570,0,1,0,1,1,1,0,0,0,1,2.7027027027027027e-05
571,1,1,0,1,1,1,0,0,0,1,2.7027027027027027e-05
572,0,0,1,1,1,1,0,0,0,1,2.7027027027027027e-05
573,1,0,1,1,1,1,0,0,0,1,2.7027027027027027e-05
574,0,1,1,1,1,1,0,0,0,1,2.7027027027027027e-05
575,1,1,1,1,1,1,0,0,0,1,2.7027027027027027e-05
576,0,0,0,0,0,0,1,0,0,1,2.7027027027027027e-05
577,1,0,0,0,0,0,1,0,0,1,2.7027027027027027e-05
578,0,1,0,0,0,0,1,0,0,1,2.7027027027027027e-05
579,1,1,0,0,0,0,1,0,0,1,2.7027027027027027e-05
580,0,0,1,0,0,0,1,0,0,1,2.7027027027027027e-05
581,1,0,1,0,0,0,1,0,0,1,2.7027027027027027e-05
582,0,1,1,0,0,0,1,0,0,1,2.7027027027027027e-05
583,1,1,1,0,0,0,1,0,0,1,2.7027027027027027e-05
584,0,0,0,1,0,0,1,0,0,1,2.7027027027027027e-05
585,1,0,0,1,0,0,1,0,0,1,2.7027027027027027e-05
586,0,1,0,1,0,0,1,0,0,1,2.7027027027027027e-05
587,1,1,0,1,0,0,1,0,0,1,2.7027027027027027e-05
588,0,0,1,1,0,0,1,0,0,1,2.7027027027027027e-05
589,1,0,1,1,0,0,1,0,0,1,2.7027027027027027e-05
590,0,1,1,1,0,0,1,0,0,1,2.7027027027027027e-05
591,1,1,1,1,0,0,1,0,0,1,2.7027027027027027e-05
592,0,0,0,0,1,0,1,0,0,1,2.7027027027027027e-05
593,1,0,0,0,1,0,1,0,0,1,2.7027027027027027e-05
594,0,1,0,0,1,0,1,0,0,1,2.7027027027027027e-05
595,1,1,0,0,1,0,1,0,0,1,2.7027027027027027e-05
596,0,0,1,0,1,0,1,0,0,1,2.7027027027027027e-05
597,1,0,1,0,1,0,1,0,0,1,2.7027027027027027e-05
598,0,1,1,0,1,0,1,0,0,1,2.7027027027027027e-05
599,1,1,1,0,1,0,1,0,0,1,2.7027027027027027e-05
600,0,0,0,1,1,0,1,0,0,1,2.7027027027027027e-05
601,1,0,0,1,1,0,1,0,0,1,2.7027027027027027e-05
602,0,1,0,1,1,0,1,0,0,1,2.7027027027027027e-05
603,1,1,0,1,1,0,1,0,0,1,2.7027027027027027e-05
604,0,0,1,1,1,0,1,0,0,1,2.7027027027027027e-05
605,1,0,1,1,1,0,1,0,0,1,2.7027027027027027e-05
606,0,1,1,1,1,0,1,0,0,1,2.7027027027027027e-05
607,1,1,1,1,1,0,1,0,0,1,2.7027027027027027e-05
608,0,0,0,0,0,1,1,0,0,1,2.7027027027027027e-05
609,1,0,0,0,0,1,1,0,0,1,2.7027027027027027e-05
610,0,1,0,0,0,1,1,0,0,1,2.7027027027027027e-05
611,1,1,0,0,0,1,1,0,0,1,2.7027027027027027e-05
612,0,0,1,0,0,1,1,0,0,1,2.7027027027027027e-05
613,1,0,1,0,0,1,1,0,0,1,2.7027027027027027e-05
614,0,1,1,0,0,1,1,0,0,1,2.7027027027027027e-05
615,1,1,1,0,0,1,1,0,0,1,2.7027027027027027e-05
616,0,0,0,1,0,1,1,0,0,1,2.7027027027027027e-05
617,1,0,0,1,0,1,1,0,0,1,2.7027027027027027e-05
618,0,1,0,1,0,1,1,0,0,1,2.7027027027027027e-05
619,1,1,0,1,0,1,1,0,0,1,2.7027027027027027e-05
620,0,0,1,1,0,1,1,0,0,1,2.7027027027027027e-05
621,1,0,1,1,0,1,1,0,0,1,2.7027027027027027e-05
622,0,1,1,1,0,1,1,0,0,1,2.7027027027027027e-05
623,1,1,1,1,0,1,1,0,0,1,2.7027027027027027e-05
624,0,0,0,0,1,1,1,0,0,1,2.7027027027027027e-05
625,1,0,0,0,1,1,1,0,0,1,2.7027027027027027e-05
626,0,1,0,0,1,1,1,0,0,1,2.7027027027027027e-05
627,1,1,0,0,1,1,1,0,0,1,2.7027027027027027e-05
628,0,0,1,0,1,1,1,0,0,1,2.7027027027027027e-05
629,1,0,1,0,1,1,1,0,0,1,2.7027027027027027e-05
630,0,1,1,0,1,1,1,0,0,1,2.7027027027027027e-05
631,1,1,1,0,1,1,1,0,0,1,2.7027027027027027e-05
632,0,0,0,1,1,1,1,0,0,1,2.7027027027027027e-05
633,1,0,0,1,1,1,1,0,0,1,2.7027027027027027e-05
634,0,1,0,1,1,1,1,0,0,1,2.7027027027027027e-05
635,1,1,0,1,1,1,1,0,0,1,2.7027027027027027e-05
636,0,0,1,1,1,1,1,0,0,1,2.7027027027027027e-05
637,1,0,1,1,1,1,1,0,0,1,2.7027027027027027e-05
638,0,1,1,1,1,1,1,0,0,1,2.7027027027027027e-05
639,1,1,1,1,1,1,1,0,0,1,2.7027027027027027e-05
640,0,0,0,0,0,0,0,1,0,1,2.7027027027027027e-05
641,1,0,0,0,0,0,0,1,0,1,2.7027027027027027e-05
642,0,1,0,0,0,0,0,1,0,1,2.7027027027027027e-05
643,1,1,0,0,0,0,0,1,0,1,2.7027027027027027e-05
644,0,0,1,0,0,0,0,1,0,1,2.7027027027027027e-05
645,1,0,1,0,0,0,0,1,0,1,2.7027027027027027e-05
646,0,1,1,0,0,0,0,1,0,1,2.7027027027027027e-05
647,1,1,1,0,0,0,0,1,0,1,2.7027027027027027e-05
648,0,0,0,1,0,0,0,1,0,1,2.7027027027027027e-05
649,1,0,0,1,0,0,0,1,0,1,2.7027027027027027e-05
650,0,1,0,1,0,0,0,1,0,1,2.7027027027027027e-05
651,1,1,0,1,0,0,0,1,0,1,2.7027027027027027e-05
652,0,0,1,1,0,0,0,1,0,1,2.7027027027027027e-05
653,1,0,1,1,0,0,0,1,0,1,2.7027027027027027e-05
654,0,1,1,1,0,0,0,1,0,1,2.7027027027027027e-05
655,1,1,1,1,0,0,0,1,0,1,2.7027027027027027e-05
656,0,0,0,0,1,0,0,1,0,1,2.7027027027027027e-05
657,1,0,0,0,1,0,0,1,0,1,2.7027027027027027e-05
658,0,1,0,0,1,0,0,1,0,1,2.7027027027027027e-05
659,1,1,0,0,1,0,0,1,0,1,2.7027027027027027e-05
660,0,0,1,0,1,0,0,1,0,1,2.7027027027027027e-05
661,1,0,1,0,1,0,0,1,0,1,2.7027027027027027e-05
662,0,1,1,0,1,0,0,1,0,1,2.7027027027027027e-05
663,1,1,1,0,1,0,0,1,0,1,2.7027027027027027e-05
664,0,0,0,1,1,0,0,1,0,1,2.7027027027027027e-05
665,1,0,0,1,1,0,0,1,0,1,2.7027027027027027e-05
666,0,1,0,1,1,0,0,1,0,1,2.7027027027027027e-05
667,1,1,0,1,1,0,0,1,0,1,2.7027027027027027e-05
668,0,0,1,1,1,0,0,1,0,1,2.7027027027027027e-05
669,1,0,1,1,1,0,0,1,0,1,2.7027027027027027e-05
670,0,1,1,1,1,0,0,1,0,1,2.7027027027027027e-05
671,1,1,1,1,1,0,0,1,0,1,2.7027027027027027e-05
672,0,0,0,0,0,1,0,1,0,1,2.7027027027027027e-05
673,1,0,0,0,0,1,0,1,0,1,2.7027027027027027e-05
674,0,1,0,0,0,1,0,1,0,1,2.7027027027027027e-05
675,1,1,0,0,0,1,0,1,0,1,2.7027027027027027e-05
676,0,0,1,0,0,1,0,1,0,1,2.7027027027027027e-05
677,1,0,1,0,0,1,0,1,0,1,2.7027027027027027e-05
678,0,1,1,0,0,1,0,1,0,1,2.7027027027027027e-05
679,1,1,1,0,0,1,0,1,0,1,2.7027027027027027e-05
680,0,0,0,1,0,1,0,1,0,1,2.7027027027027027e-05
681,1,0,0,1,0,1,0,1,0,1,2.7027027027027027e-05
682,0,1,0,1,0,1,0,1,0,1,2.7027027027027027e-05
683,1,1,0,1,0,1,0,1,0,1,2.7027027027027027e-05
684,0,0,1,1,0,1,0,1,0,1,2.7027027027027027e-05
685,1,0,1,1,0,1,0,1,0,1,2.7027027027027027e-05
686,0,1,1,1,0,1,0,1,0,1,2.7027027027027027e-05
687,1,1,1,1,0,1,0,1,0,1,2.7027027027027027e-05
688,0,0,0,0,1,1,0,1,0,1,2.7027027027027027e-05
689,1,0,0,0,1,1,0,1,0,1,2.7027027027027027e-05
690,0,1,0,0,1,1,0,1,0,1,2.7027027027027027e-05
691,1,1,0,0,1,1,0,1,0,1,2.7027027027027027e-05
692,0,0,1,0,1,1,0,1,0,1,2.7027027027027027e-05
693,1,0,1,0,1,1,0,1,0,1,2.7027027027027027e-05
694,0,1,1,0,1,1,0,1,0,1,2.7027027027027027e-05
695,1,1,1,0,1,1,0,1,0,1,2.7027027027027027e-05
696,0,0,0,1,1,1,0,1,0,1,2.7027027027027027e-05
697,1,0,0,1,1,1,0,1,0,1,2.7027027027027027e-05
698,0,1,0,1,1,1,0,1,0,1,2.7027027027027027e-05
699,1,1,0,1,1,1,0,1,0,1,2.7027027027027027e-05
700,0,0,1,1,1,1,0,1,0,1,2.7027027027027027e-05
701,1,0,1,1,1,1,0,1,0,1,2.7027027027027027e-05
702,0,1,1,1,1,1,0,1,0,1,2.7027027027027027e-05
703,1,1,1,1,1,1,0,1,0,1,2.7027027027027027e-05
704,0,0,0,0,0,0,1,1,0,1,2.7027027027027027e-05
705,1,0,0,0,0,0,1,1,0,1,2.7027027027027027e-05
706,0,1,0,0,0,0,1,1,0,1,2.7027027027027027e-05
707,1,1,0,0,0,0,1,1,0,1,2.7027027027027027e-05
708,0,0,1,0,0,0,1,1,0,1,2.7027027027027027e-05
709,1,0,1,0,0,0,1,1,0,1,2.7027027027027027e-05
710,0,1,1,0,0,0,1,1,0,1,2.7027027027027027e-05
711,1,1,1,0,0,0,1,1,0,1,2.7027027027027027e-05
712,0,0,0,1,0,0,1,1,0,1,2.7027027027027027e-05
713,1,0,0,1,0,0,1,1,0,1,2.7027027027027027e-05
714,0,1,0,1,0,0,1,1,0,1,2.7027027027027027e-05
715,1,1,0,1,0,0,1,1,0,1,2.7027027027027027e-05
716,0,0,1,1,0,0,1,1,0,1,2.7027027027027027e-05
717,1,0,1,1,0,0,1,1,0,1,2.7027027027027027e-05
718,0,1,1,1,0,0,1,1,0,1,2.7027027027027027e-05
719,1,1,1,1,0,0,1,1,0,1,2.7027027027027027e-05
720,0,0,0,0,1,0,1,1,0,1,2.7027027027027027e-05
721,1,0,0,0,1,0,1,1,0,1,2.7027027027027027e-05
722,0,1,0,0,1,0,1,1,0,1,2.7027027027027027e-05
723,1,1,0,0,1,0,1,1,0,1,2.7027027027027027e-05
724,0,0,1,0,1,0,1,1,0,1,2.7027027027027027e-05
725,1,0,1,0,1,0,1,1,0,1,2.7027027027027027e-05
726,0,1,1,0,1,0,1,1,0,1,2.7027027027027027e-05
727,1,1,1,0,1,0,1,1,0,1,2.7027027027027027e-05
728,0,0,0,1,1,0,1,1,0,1,2.7027027027027027e-05
729,1,0,0,1,1,0,1,1,0,1,2.7027027027027027e-05
730,0,1,0,1,1,0,1,1,0,1,2.7027027027027027e-05
731,1,1,0,1,1,0,1,1,0,1,2.7027027027027027e-05
732,0,0,1,1,1,0,1,1,0,1,2.7027027027027027e-05
733,1,0,1,1,1,0,1,1,0,1,2.7027027027027027e-05
734,0,1,1,1,1,0,1,1,0,1,2.7027027027027027e-05
735,1,1,1,1,1,0,1,1,0,1,2.7027027027027027e-05
736,0,0,0,0,0,1,1,1,0,1,2.7027027027027027e-05
737,1,0,0,0,0,1,1,1,0,1,2.7027027027027027e-05
738,0,1,0,0,0,1,1,1,0,1,2.7027027027027027e-05
739,1,1,0,0,0,1,1,1,0,1,2.7027027027027027e-05
740,0,0,1,0,0,1,1,1,0,1,2.7027027027027027e-05
741,1,0,1,0,0,1,1,1,0,1,2.7027027027027027e-05
742,0,1,1,0,0,1,1,1,0,1,2.7027027027027027e-05
743,1,1,1,0,0,1,1,1,0,1,2.7027027027027027e-05
744,0,0,0,1,0,1,1,1,0,1,2.7027027027027027e-05
745,1,0,0,1,0,1,1,1,0,1,2.7027027027027027e-05
746,0,1,0,1,0,1,1,1,0,1,2.7027027027027027e-05
747,1,1,0,1,0,1,1,1,0,1,2.7027027027027027e-05
748,0,0,1,1,0,1,1,1,0,1,2.7027027027027027e-05
749,1,0,1,1,0,1,1,1,0,1,2.7027027027027027e-05
750,0,1,1,1,0,1,1,1,0,1,2.7027027027027027e-05
751,1,1,1,1,0,1,1,1,0,1,2.7027027027027027e-05
752,0,0,0,0,1,1,1,1,0,1,2.7027027027027027e-05
753,1,0,0,0,1,1,1,1,0,1,2.7027027027027027e-05
754,0,1,0,0,1,1,1,1,0,1,2.7027027027027027e-05
755,1,1,0,0,1,1,1,1,0,1,2.7027027027027027e-05
756,0,0,1,0,1,1,1,1,0,1,2.7027027027027027e-05
757,1,0,1,0,1,1,1,1,0,1,2.7027027027027027e-05
758,0,1,1,0,1,1,1,1,0,1,2.7027027027027027e-05
759,1,1,1,0,1,1,1,1,0,1,2.7027027027027027e-05
760,0,0,0,1,1,1,1,1,0,1,2.7027027027027027e-05
761,1,0,0,1,1,1,1,1,0,1,2.7027027027027027e-05
762,0,1,0,1,1,1,1,1,0,1,2.7027027027027027e-05
763,1,1,0,1,1,1,1,1,0,1,2.7027027027027027e-05
764,0,0,1,1,1,1,1,1,0,1,2.7027027027027027e-05
765,1,0,1,1,1,1,1,1,0,1,2.7027027027027027e-05
766,0,1,1,1,1,1,1,1,0,1,2.7027027027027027e-05
767,1,1,1,1,1,1,1,1,0,1,2.7027027027027027e-05
768,0,0,0,0,0,0,0,0,1,1,2.7027027027027027e-05
769,1,0,0,0,0,0,0,0,1,1,2.7027027027027027e-05
770,0,1,0,0,0,0,0,0,1,1,2.7027027027027027e-05
771,1,1,0,0,0,0,0,0,1,1,2.7027027027027027e-05
772,0,0,1,0,0,0,0,0,1,1,2.7027027027027027e-05
773,1,0,1,0,0,0,0,0,1,1,2.7027027027027027e-05
774,0,1,1,0,0,0,0,0,1,1,2.7027027027027027e-05
775,1,1,1,0,0,0,0,0,1,1,2.7027027027027027e-05
776,0,0,0,1,0,0,0,0,1,1,2.7027027027027027e-05
777,1,0,0,1,0,0,0,0,1,1,2.7027027027027027e-05
778,0,1,0,1,0,0,0,0,1,1,2.7027027027027027e-05
779,1,1,0,1,0,0,0,0,1,1,2.7027027027027027e-05
780,0,0,1,1,0,0,0,0,1,1,2.7027027027027027e-05
781,1,0,1,1,0,0,0,0,1,1,2.7027027027027027e-05
782,0,1,1,1,0,0,0,0,1,1,2.7027027027027027e-05
783,1,1,1,1,0,0,0,0,1,1,2.7027027027027027e-05
784,0,0,0,0,1,0,0,0,1,1,2.7027027027027027e-05
785,1,0,0,0,1,0,0,0,1,1,2.7027027027027027e-05
786,0,1,0,0,1,0,0,0,1,1,2.7027027027027027e-05
787,1,1,0,0,1,0,0,0,1,1,2.7027027027027027e-05
788,0,0,1,0,1,0,0,0,1,1,2.7027027027027027e-05
789,1,0,1,0,1,0,0,0,1,1,2.7027027027027027e-05
790,0,1,1,0,1,0,0,0,1,1,2.7027027027027027e-05
791,1,1,1,0,1,0,0,0,1,1,2.7027027027027027e-05
792,0,0,0,1,1,0,0,0,1,1,2.7027027027027027e-05
793,1,0,0,1,1,0,0,0,1,1,2.7027027027027027e-05
794,0,1,0,1,1,0,0,0,1,1,2.7027027027027027e-05
795,1,1,0,1,1,0,0,0,1,1,2.7027027027027027e-05
796,0,0,1,1,1,0,0,0,1,1,2.7027027027027027e-05
797,1,0,1,1,1,0,0,0,1,1,2.7027027027027027e-05
798,0,1,1,1,1,0,0,0,1,1,2.7027027027027027e-05
799,1,1,1,1,1,0,0,0,1,1,2.7027027027027027e-05
800,0,0,0,0,0,1,0,0,1,1,2.7027027027027027e-05
801,1,0,0,0,0,1,0,0,1,1,2.7027027027027027e-05
802,0,1,0,0,0,1,0,0,1,1,2.7027027027027027e-05
803,1,1,0,0,0,1,0,0,1,1,2.7027027027027027e-05
804,0,0,1,0,0,1,0,0,1,1,2.7027027027027027e-05
805,1,0,1,0,0,1,0,0,1,1,2.7027027027027027e-05
806,0,1,1,0,0,1,0,0,1,1,2.7027027027027027e-05
807,1,1,1,0,0,1,0,0,1,1,2.7027027027027027e-05
808,0,0,0,1,0,1,0,0,1,1,2.7027027027027027e-05
809,1,0,0,1,0,1,0,0,1,1,2.7027027027027027e-05
810,0,1,0,1,0,1,0,0,1,1,2.7027027027027027e-05
811,1,1,0,1,0,1,0,0,1,1,2.7027027027027027e-05
812,0,0,1,1,0,1,0,0,1,1,2.7027027027027027e-05
813,1,0,1,1,0,1,0,0,1,1,2.7027027027027027e-05
814,0,1,1,1,0,1,0,0,1,1,2.7027027027027027e-05
815,1,1,1,1,0,1,0,0,1,1,2.7027027027027027e-05
816,0,0,0,0,1,1,0,0,1,1,2.7027027027027027e-05
817,1,0,0,0,1,1,0,0,1,1,2.7027027027027027e-05
818,0,1,0,0,1,1,0,0,1,1,2.7027027027027027e-05
819,1,1,0,0,1,1,0,0,1,1,2.7027027027027027e-05
820,0,0,1,0,1,1,0,0,1,1,2.7027027027027027e-05
821,1,0,1,0,1,1,0,0,1,1,2.7027027027027027e-05
822,0,1,1,0,1,1,0,0,1,1,2.7027027027027027e-05
823,1,1,1,0,1,1,0,0,1,1,2.7027027027027027e-05
824,0,0,0,1,1,1,0,0,1,1,2.7027027027027027e-05
825,1,0,0,1,1,1,0,0,1,1,2.7027027027027027e-05
826,0,1,0,1,1,1,0,0,1,1,2.7027027027027027e-05
827,1,1,0,1,1,1,0,0,1,1,2.7027027027027027e-05
828,0,0,1,1,1,1,0,0,1,1,2.7027027027027027e-05
829,1,0,1,1,1,1,0,0,1,1,2.7027027027027027e-05
830,0,1,1,1,1,1,0,0,1,1,2.7027027027027027e-05
831,1,1,1,1,1,1,0,0,1,1,2.7027027027027027e-05
832,0,0,0,0,0,0,1,0,1,1,2.7027027027027027e-05
833,1,0,0,0,0,0,1,0,1,1,2.7027027027027027e-05
834,0,1,0,0,0,0,1,0,1,1,2.7027027027027027e-05
835,1,1,0,0,0,0,1,0,1,1,2.7027027027027027e-05
836,0,0,1,0,0,0,1,0,1,1,2.7027027027027027e-05
837,1,0,1,0,0,0,1,0,1,1,2.7027027027027027e-05
838,0,1,1,0,0,0,1,0,1,1,2.7027027027027027e-05
839,1,1,1,0,0,0,1,0,1,1,2.7027027027027027e-05
840,0,0,0,1,0,0,1,0,1,1,2.7027027027027027e-05
841,1,0,0,1,0,0,1,0,1,1,2.7027027027027027e-05
842,0,1,0,1,0,0,1,0,1,1,2.7027027027027027e-05
843,1,1,0,1,0,0,1,0,1,1,2.7027027027027027e-05
844,0,0,1,1,0,0,1,0,1,1,2.7027027027027027e-05
845,1,0,1,1,0,0,1,0,1,1,2.7027027027027027e-05
846,0,1,1,1,0,0,1,0,1,1,2.7027027027027027e-05
847,1,1,1,1,0,0,1,0,1,1,2.7027027027027027e-05
848,0,0,0,0,1,0,1,0,1,1,2.7027027027027027e-05
849,1,0,0,0,1,0,1,0,1,1,2.7027027027027027e-05
850,0,1,0,0,1,0,1,0,1,1,2.7027027027027027e-05
851,1,1,0,0,1,0,1,0,1,1,2.7027027027027027e-05
852,0,0,1,0,1,0,1,0,1,1,2.7027027027027027e-05
853,1,0,1,0,1,0,1,0,1,1,2.7027027027027027e-05
854,0,1,1,0,1,0,1,0,1,1,2.7027027027027027e-05
855,1,1,1,0,1,0,1,0,1,1,2.7027027027027027e-05
856,0,0,0,1,1,0,1,0,1,1,2.7027027027027027e-05
857,1,0,0,1,1,0,1,0,1,1,2.7027027027027027e-05
858,0,1,0,1,1,0,1,0,1,1,2.7027027027027027e-05
859,1,1,0,1,1,0,1,0,1,1,2.7027027027027027e-05
860,0,0,1,1,1,0,1,0,1,1,2.7027027027027027e-05
861,1,0,1,1,1,0,1,0,1,1,2.7027027027027027e-05
862,0,1,1,1,1,0,1,0,1,1,2.7027027027027027e-05
863,1,1,1,1,1,0,1,0,1,1,2.7027027027027027e-05
864,0,0,0,0,0,1,1,0,1,1,2.7027027027027027e-05
865,1,0,0,0,0,1,1,0,1,1,2.7027027027027027e-05
866,0,1,0,0,0,1,1,0,1,1,2.7027027027027027e-05
867,1,1,0,0,0,1,1,0,1,1,2.7027027027027027e-05
868,0,0,1,0,0,1,1,0,1,1,2.7027027027027027e-05
869,1,0,1,0,0,1,1,0,1,1,2.7027027027027027e-05
870,0,1,1,0,0,1,1,0,1,1,2.7027027027027027e-05
871,1,1,1,0,0,1,1,0,1,1,2.7027027027027027e-05
872,0,0,0,1,0,1,1,0,1,1,2.7027027027027027e-05
873,1,0,0,1,0,1,1,0,1,1,2.7027027027027027e-05
874,0,1,0,1,0,1,1,0,1,1,2.7027027027027027e-05
875,1,1,0,1,0,1,1,0,1,1,2.7027027027027027e-05
876,0,0,1,1,0,1,1,0,1,1,2.7027027027027027e-05
877,1,0,1,1,0,1,1,0,1,1,2.7027027027027027e-05
878,0,1,1,1,0,1,1,0,1,1,2.7027027027027027e-05
879,1,1,1,1,0,1,1,0,1,1,2.7027027027027027e-05
880,0,0,0,0,1,1,1,0,1,1,2.7027027027027027e-05
881,1,0,0,0,1,1,1,0,1,1,2.7027027027027027e-05
882,0,1,0,0,1,1,1,0,1,1,2.7027027027027027e-05
883,1,1,0,0,1,1,1,0,1,1,2.7027027027027027e-05
884,0,0,1,0,1,1,1,0,1,1,2.7027027027027027e-05
885,1,0,1,0,1,1,1,0,1,1,2.7027027027027027e-05
886,0,1,1,0,1,1,1,0,1,1,2.7027027027027027e-05
887,1,1,1,0,1,1,1,0,1,1,2.7027027027027027e-05
888,0,0,0,1,1,1,1,0,1,1,2.7027027027027027e-05
889,1,0,0,1,1,1,1,0,1,1,2.7027027027027027e-05
890,0,1,0,1,1,1,1,0,1,1,2.7027027027027027e-05
891,1,1,0,1,1,1,1,0,1,1,2.7027027027027027e-05
892,0,0,1,1,1,1,1,0,1,1,2.7027027027027027e-05
893,1,0,1,1,1,1,1,0,1,1,2.7027027027027027e-05
894,0,1,1,1,1,1,1,0,1,1,2.7027027027027027e-05
895,1,1,1,1,1,1,1,0,1,1,2.7027027027027027e-05
896,0,0,0,0,0,0,0,1,1,1,2.7027027027027027e-05
897,1,0,0,0,0,0,0,1,1,1,2.7027027027027027e-05
898,0,1,0,0,0,0,0,1,1,1,2.7027027027027027e-05
899,1,1,0,0,0,0,0,1,1,1,2.7027027027027027e-05
900,0,0,1,0,0,0,0,1,1,1,2.7027027027027027e-05
901,1,0,1,0,0,0,0,1,1,1,2.7027027027027027e-05
902,0,1,1,0,0,0,0,1,1,1,2.7027027027027027e-05
903,1,1,1,0,0,0,0,1,1,1,2.7027027027027027e-05
904,0,0,0,1,0,0,0,1,1,1,2.7027027027027027e-05
905,1,0,0,1,0,0,0,1,1,1,2.7027027027027027e-05
906,0,1,0,1,0,0,0,1,1,1,2.7027027027027027e-05
907,1,1,0,1,0,0,0,1,1,1,2.7027027027027027e-05
908,0,0,1,1,0,0,0,1,1,1,2.7027027027027027e-05
909,1,0,1,1,0,0,0,1,1,1,2.7027027027027027e-05
910,0,1,1,1,0,0,0,1,1,1,2.7027027027027027e-05
911,1,1,1,1,0,0,0,1,1,1,2.7027027027027027e-05
912,0,0,0,0,1,0,0,1,1,1,2.7027027027027027e-05
913,1,0,0,0,1,0,0,1,1,1,2.7027027027027027e-05
914,0,1,0,0,1,0,0,1,1,1,2.7027027027027027e-05
915,1,1,0,0,1,0,0,1,1,1,2.7027027027027027e-05
916,0,0,1,0,1,0,0,1,1,1,2.7027027027027027e-05
917,1,0,1,0,1,0,0,1,1,1,2.7027027027027027e-05
918,0,1,1,0,1,0,0,1,1,1,2.7027027027027027e-05
919,1,1,1,0,1,0,0,1,1,1,2.7027027027027027e-05
920,0,0,0,1,1,0,0,1,1,1,2.7027027027027027e-05
921,1,0,0,1,1,0,0,1,1,1,2.7027027027027027e-05
922,0,1,0,1,1,0,0,1,1,1,2.7027027027027027e-05
923,1,1,0,1,1,0,0,1,1,1,2.7027027027027027e-05
924,0,0,1,1,1,0,0,1,1,1,2.7027027027027027e-05
925,1,0,1,1,1,0,0,1,1,1,2.7027027027027027e-05
926,0,1,1,1,1,0,0,1,1,1,2.7027027027027027e-05
927,1,1,1,1,1,0,0,1,1,1,2.7027027027027027e-05
928,0,0,0,0,0,1,0,1,1,1,2.7027027027027027e-05
929,1,0,0,0,0,1,0,1,1,1,2.7027027027027027e-05
930,0,1,0,0,0,1,0,1,1,1,2.7027027027027027e-05
931,1,1,0,0,0,1,0,1,1,1,2.7027027027027027e-05
932,0,0,1,0,0,1,0,1,1,1,2.7027027027027027e-05
933,1,0,1,0,0,1,0,1,1,1,2.7027027027027027e-05
934,0,1,1,0,0,1,0,1,1,1,2.7027027027027027e-05
935,1,1,1,0,0,1,0,1,1,1,2.7027027027027027e-05
936,0,0,0,1,0,1,0,1,1,1,2.7027027027027027e-05
937,1,0,0,1,0,1,0,1,1,1,2.7027027027027027e-05
938,0,1,0,1,0,1,0,1,1,1,2.7027027027027027e-05
939,1,1,0,1,0,1,0,1,1,1,2.7027027027027027e-05
940,0,0,1,1,0,1,0,1,1,1,2.7027027027027027e-05
941,1,0,1,1,0,1,0,1,1,1,2.7027027027027027e-05
942,0,1,1,1,0,1,0,1,1,1,2.7027027027027027e-05
943,1,1,1,1,0,1,0,1,1,1,2.7027027027027027e-05
944,0,0,0,0,1,1,0,1,1,1,2.7027027027027027e-05
945,1,0,0,0,1,1,0,1,1,1,2.7027027027027027e-05
946,0,1,0,0,1,1,0,1,1,1,2.7027027027027027e-05
947,1,1,0,0,1,1,0,1,1,1,2.7027027027027027e-05
948,0,0,1,0,1,1,0,1,1,1,2.7027027027027027e-05
949,1,0,1,0,1,1,0,1,1,1,2.7027027027027027e-05
950,0,1,1,0,1,1,0,1,1,1,2.7027027027027027e-05
951,1,1,1,0,1,1,0,1,1,1,2.7027027027027027e-05
952,0,0,0,1,1,1,0,1,1,1,2.7027027027027027e-05
953,1,0,0,1,1,1,0,1,1,1,2.7027027027027027e-05
954,0,1,0,1,1,1,0,1,1,1,2.7027027027027027e-05
955,1,1,0,1,1,1,0,1,1,1,2.7027027027027027e-05
956,0,0,1,1,1,1,0,1,1,1,2.7027027027027027e-05
957,1,0,1,1,1,1,0,1,1,1,2.7027027027027027e-05
958,0,1,1,1,1,1,0,1,1,1,2.7027027027027027e-05
959,1,1,1,1,1,1,0,1,1,1,2.7027027027027027e-05
960,0,0,0,0,0,0,1,1,1,1,2.7027027027027027e-05
961,1,0,0,0,0,0,1,1,1,1,2.7027027027027027e-05
962,0,1,0,0,0,0,1,1,1,1,2.7027027027027027e-05
963,1,1,0,0,0,0,1,1,1,1,2.7027027027027027e-05
964,0,0,1,0,0,0,1,1,1,1,2.7027027027027027e-05
965,1,0,1,0,0,0,1,1,1,1,2.7027027027027027e-05
966,0,1,1,0,0,0,1,1,1,1,2.7027027027027027e-05
967,1,1,1,0,0,0,1,1,1,1,2.7027027027027027e-05
968,0,0,0,1,0,0,1,1,1,1,2.7027027027027027e-05
969,1,0,0,1,0,0,1,1,1,1,2.7027027027027027e-05
970,0,1,0,1,0,0,1,1,1,1,2.7027027027027027e-05
971,1,1,0,1,0,0,1,1,1,1,2.7027027027027027e-05
972,0,0,1,1,0,0,1,1,1,1,2.7027027027027027e-05
973,1,0,1,1,0,0,1,1,1,1,2.7027027027027027e-05
974,0,1,1,1,0,0,1,1,1,1,2.7027027027027027e-05
975,1,1,1,1,0,0,1,1,1,1,2.7027027027027027e-05
976,0,0,0,0,1,0,1,1,1,1,2.7027027027027027e-05
977,1,0,0,0,1,0,1,1,1,1,2.7027027027027027e-05
978,0,1,0,0,1,0,1,1,1,1,2.7027027027027027e-05
979,1,1,0,0,1,0,1,1,1,1,2.7027027027027027e-05
980,0,0,1,0,1,0,1,1,1,1,2.7027027027027027e-05
981,1,0,1,0,1,0,1,1,1,1,2.7027027027027027e-05
982,0,1,1,0,1,0,1,1,1,1,2.7027027027027027e-05
983,1,1,1,0,1,0,1,1,1,1,2.7027027027027027e-05
984,0,0,0,1,1,0,1,1,1,1,2.7027027027027027e-05
985,1,0,0,1,1,0,1,1,1,1,2.7027027027027027e-05
986,0,1,0,1,1,0,1,1,1,1,2.7027027027027027e-05
987,1,1,0,1,1,0,1,1,1,1,2.7027027027027027e-05
988,0,0,1,1,1,0,1,1,1,1,2.7027027027027027e-05
989,1,0,1,1,1,0,1,1,1,1,2.7027027027027027e-05
990,0,1,1,1,1,0,1,1,1,1,2.7027027027027027e-05
991,1,1,1,1,1,0,1,1,1,1,2.7027027027027027e-05
992,0,0,0,0,0,1,1,1,1,1,2.7027027027027027e-05
993,1,0,0,0,0,1,1,1,1,1,2.7027027027027027e-05
994,0,1,0,0,0,1,1,1,1,1,2.7027027027027027e-05
995,1,1,0,0,0,1,1,1,1,1,2.7027027027027027e-05
996,0,0,1,0,0,1,1,1,1,1,2.7027027027027027e-05
997,1,0,1,0,0,1,1,1,1,1,2.7027027027027027e-05
998,0,1,1,0,0,1,1,1,1,1,2.7027027027027027e-05
999,1,1,1,0,0,1,1,1,1,1,2.7027027027027027e-05
1000,0,0,0,1,0,1,1,1,1,1,2.7027027027027027e-05
1001,1,0,0,1,0,1,1,1,1,1,2.7027027027027027e-05
1002,0,1,0,1,0,1,1,1,1,1,2.7027027027027027e-05
1003,1,1,0,1,0,1,1,1,1,1,2.7027027027027027e-05
1004,0,0,1,1,0,1,1,1,1,1,2.7027027027027027e-05
1005,1,0,1,1,0,1,1,1,1,1,2.7027027027027027e-05
1006,0,1,1,1,0,1,1,1,1,1,2.7027027027027027e-05
1007,1,1,1,1,0,1,1,1,1,1,2.7027027027027027e-05
1008,0,0,0,0,1,1,1,1,1,1,2.7027027027027027e-05
1009,1,0,0,0,1,1,1,1,1,1,2.7027027027027027e-05
1010,0,1,0,0,1,1,1,1,1,1,2.7027027027027027e-05
1011,1,1,0,0,1,1,1,1,1,1,2.7027027027027027e-05
1012,0,0,1,0,1,1,1,1,1,1,2.7027027027027027e-05
1013,1,0,1,0,1,1,1,1,1,1,2.7027027027027027e-05
1014,0,1,1,0,1,1,1,1,1,1,2.7027027027027027e-05
1015,1,1,1,0,1,1,1,1,1,1,2.7027027027027027e-05
1016,0,0,0,1,1,1,1,1,1,1,2.7027027027027027e-05
1017,1,0,0,1,1,1,1,1,1,1,2.7027027027027027e-05
1018,0,1,0,1,1,1,1,1,1,1,2.7027027027027027e-05
1019,1,1,0,1,1,1,1,1,1,1,2.7027027027027027e-05
1020,0,0,1,1,1,1,1,1,1,1,2.7027027027027027e-05
1021,1,0,1,1,1,1,1,1,1,1,2.7027027027027027e-05
1022,0,1,1,1,1,1,1,1,1,1,2.7027027027027027e-05
1023,1,1,1,1,1,1,1,1,1,1,2.7027027027027027e-05
