,0,1,2,3,4,5,6,7,8,9,0
0,0.0,0.0,0.0,0.0,0.0,0.0,0.0,0.0,0.0,0.0,0.0039871794871794872736
1,0.0,1.0,0.0,0.0,0.0,0.0,0.0,0.0,0.0,0.0,0.0023819399567336103224
2,0.0,0.0,0.0,0.0,0.0,0.0,0.0,0.0,1.0,0.0,0.0023019991502304312792
3,1.0,0.0,0.0,0.0,0.0,0.0,0.0,0.0,0.0,0.0,0.0022901560677855157047
4,0.0,0.0,0.0,0.0,0.0,0.0,0.0,1.0,0.0,0.0,0.0023878614979560681096
5,0.0,0.0,0.0,0.0,1.0,0.0,0.0,0.0,0.0,0.0,0.002968172537756923017
6,0.0,0.0,0.0,0.0,0.0,0.0,1.0,0.0,0.0,0.0,0.0023538126359269355078
7,0.0,0.0,0.0,0.0,0.0,1.0,0.0,0.0,0.0,0.0,0.0023227245445090333176
8,0.0,0.0,0.0,1.0,0.0,0.0,0.0,0.0,0.0,0.0,0.002742413778650722861
9,0.0,0.0,1.0,0.0,0.0,0.0,0.0,0.0,0.0,0.0,0.0025388607991287392984
10,0.0,0.0,0.0,0.0,0.0,0.0,0.0,1.0,1.0,0.0,0.0014547008547008551897
11,0.0,0.0,0.0,0.0,1.0,0.0,0.0,1.0,0.0,0.0,0.0012162393162393147182
12,0.0,0.0,0.0,1.0,0.0,0.0,0.0,1.0,0.0,0.0,0.0012858974358974351558
13,0.0,0.0,0.0,0.0,0.0,0.0,1.0,0.0,1.0,0.0,0.0013162393162393164984
14,0.0,0.0,1.0,0.0,0.0,1.0,0.0,0.0,0.0,0.0,0.0012743589743589747547
15,0.0,0.0,1.0,1.0,0.0,0.0,0.0,0.0,0.0,0.0,0.00097649572649572617504
16,0.0,0.0,1.0,0.0,0.0,0.0,1.0,0.0,0.0,0.0,0.0013162393162393164984
17,0.0,0.0,0.0,0.0,1.0,0.0,0.0,0.0,1.0,0.0,0.0012905982905982908791
18,0.0,0.0,0.0,0.0,1.0,1.0,0.0,0.0,0.0,0.0,0.0017290598290598288393
19,0.0,1.0,1.0,0.0,0.0,0.0,0.0,0.0,0.0,0.0,0.0012743589743589736705
20,0.0,0.0,1.0,0.0,0.0,0.0,0.0,1.0,0.0,0.0,0.0012709401709401701389
21,0.0,1.0,0.0,0.0,0.0,0.0,1.0,0.0,0.0,0.0,0.0013555555555555555934
22,0.0,0.0,0.0,1.0,0.0,1.0,0.0,0.0,0.0,0.0,0.0012636752136752124175
23,1.0,0.0,0.0,0.0,0.0,0.0,0.0,1.0,0.0,0.0,0.0017435897435897434148
24,0.0,0.0,0.0,0.0,0.0,1.0,0.0,1.0,0.0,0.0,0.0014683760683760680148
25,0.0,0.0,1.0,0.0,1.0,0.0,0.0,0.0,0.0,0.0,0.0008675213675213666424
26,1.0,0.0,0.0,0.0,0.0,0.0,0.0,0.0,1.0,0.0,0.0015025641025641015957
27,0.0,0.0,0.0,1.0,1.0,0.0,0.0,0.0,0.0,0.0,0.000638888888888888601
28,0.0,0.0,0.0,0.0,1.0,0.0,1.0,0.0,0.0,0.0,0.0009914529914529918424
29,1.0,0.0,1.0,0.0,0.0,0.0,0.0,0.0,0.0,0.0,0.0024196581196581205299
30,0.0,0.0,0.0,1.0,0.0,0.0,0.0,0.0,1.0,0.0,0.0010833333333333339341
31,1.0,0.0,0.0,0.0,1.0,0.0,0.0,0.0,0.0,0.0,0.0011136752136752128915
32,0.0,0.0,0.0,0.0,0.0,0.0,0.0,0.0,0.0,1.0,0.0025240569460725946135
33,0.0,1.0,0.0,0.0,0.0,0.0,0.0,0.0,0.0,1.0,0.0019683760683760695431
34,0.0,0.0,0.0,0.0,0.0,0.0,0.0,0.0,1.0,1.0,0.0018128205128205131941
35,1.0,0.0,0.0,0.0,0.0,0.0,0.0,0.0,0.0,1.0,0.0017000000000000009895
36,0.0,0.0,0.0,0.0,0.0,0.0,0.0,1.0,0.0,1.0,0.0014829059829059832408
37,0.0,0.0,0.0,0.0,1.0,0.0,0.0,0.0,0.0,1.0,0.0010641025641025651533
38,0.0,0.0,0.0,0.0,0.0,0.0,1.0,0.0,0.0,1.0,0.0014000000000000002026
39,0.0,0.0,0.0,0.0,0.0,1.0,0.0,0.0,0.0,1.0,0.0012871794871794877812
40,0.0,0.0,0.0,1.0,0.0,0.0,0.0,0.0,0.0,1.0,0.0009636752136752146664
41,0.0,0.0,1.0,0.0,0.0,0.0,0.0,0.0,0.0,1.0,0.0010683760683760689172
42,0.0,0.0,0.0,0.0,0.0,0.0,0.0,1.0,1.0,1.0,0.0032144099602574556854
43,0.0,0.0,0.0,0.0,1.0,0.0,0.0,1.0,0.0,1.0,0.0022941037619338207516
44,0.0,0.0,0.0,1.0,0.0,0.0,0.0,1.0,0.0,1.0,0.0015926478579568520335
45,0.0,0.0,0.0,0.0,0.0,0.0,1.0,0.0,1.0,1.0,0.0014290652816864586432
46,0.0,0.0,1.0,0.0,0.0,1.0,0.0,0.0,0.0,1.0,0.0013111279190058434691
47,0.0,0.0,1.0,1.0,0.0,0.0,0.0,0.0,0.0,1.0,0.0012644957818789871479
48,0.0,0.0,1.0,0.0,0.0,0.0,1.0,0.0,0.0,1.0,0.0009805085340852885255
49,0.0,0.0,0.0,0.0,1.0,0.0,0.0,0.0,1.0,1.0,0.00089612657166526494927
50,0.0,0.0,0.0,0.0,1.0,1.0,0.0,0.0,0.0,1.0,0.00061584028713559892023
51,0.0,1.0,1.0,0.0,0.0,0.0,0.0,0.0,0.0,1.0,0.0008645450184788248992
52,0.0,0.0,1.0,0.0,0.0,0.0,0.0,1.0,0.0,1.0,0.0007796695942902640052
53,0.0,1.0,0.0,0.0,0.0,0.0,1.0,0.0,0.0,1.0,0.00070762417608369614
54,0.0,0.0,0.0,1.0,0.0,1.0,0.0,0.0,0.0,1.0,0.00074932169552516865885
55,1.0,0.0,0.0,0.0,0.0,0.0,0.0,1.0,0.0,1.0,0.00045694559766631893862
56,0.0,0.0,0.0,0.0,0.0,1.0,0.0,1.0,0.0,1.0,0.0006113991312187569893
57,0.0,0.0,1.0,0.0,1.0,0.0,0.0,0.0,0.0,1.0,0.0009425119779078515274
58,1.0,0.0,0.0,0.0,0.0,0.0,0.0,0.0,1.0,1.0,0.0005428079453919573954
59,0.0,0.0,0.0,1.0,1.0,0.0,0.0,0.0,0.0,1.0,0.0010128302799245348775
60,0.0,0.0,0.0,0.0,1.0,0.0,1.0,0.0,0.0,1.0,0.0007905257531981016916
61,1.0,0.0,1.0,0.0,0.0,0.0,0.0,0.0,0.0,1.0,-4.5398482705510140203e-05
62,0.0,0.0,0.0,1.0,0.0,0.0,0.0,0.0,1.0,1.0,0.00071477937172749798043
63,1.0,0.0,0.0,0.0,1.0,0.0,0.0,0.0,0.0,1.0,0.00068640532003655418177
