,0,1,2,3,4,5,6,7,8,9,0
0,0.0,0.0,0.0,0.0,0.0,0.0,0.0,0.0,0.0,0.0,0.0043141025641025643515
1,0.0,1.0,0.0,0.0,0.0,0.0,0.0,0.0,0.0,0.0,0.00020715642034984060637
2,0.0,0.0,0.0,0.0,0.0,0.0,0.0,1.0,0.0,0.0,0.00031553470505196425557
3,0.0,0.0,1.0,0.0,0.0,0.0,0.0,0.0,0.0,0.0,0.00031016384175236692884
4,0.0,0.0,0.0,1.0,0.0,0.0,0.0,0.0,0.0,0.0,0.00033418625573223771797
5,1.0,0.0,0.0,0.0,0.0,0.0,0.0,0.0,0.0,0.0,0.00025836215463948647324
6,0.0,0.0,0.0,0.0,0.0,0.0,0.0,0.0,1.0,0.0,-1.6756601019742383747e-05
7,0.0,0.0,0.0,0.0,0.0,0.0,1.0,0.0,0.0,0.0,0.00029325649341776212073
8,0.0,0.0,0.0,0.0,0.0,1.0,0.0,0.0,0.0,0.0,-0.00033137869103751327152
9,0.0,0.0,0.0,0.0,1.0,0.0,0.0,0.0,0.0,0.0,0.00020649754720738166516
10,0.0,1.0,0.0,0.0,0.0,0.0,0.0,1.0,0.0,0.0,0.00044203077342530084318
11,0.0,1.0,0.0,0.0,0.0,0.0,0.0,0.0,1.0,0.0,-5.563051759568848233e-05
12,1.0,1.0,0.0,0.0,0.0,0.0,0.0,0.0,0.0,0.0,0.0008552669872816160388
13,0.0,1.0,0.0,0.0,0.0,0.0,1.0,0.0,0.0,0.0,0.00029485651241883739096
14,0.0,1.0,1.0,0.0,0.0,0.0,0.0,0.0,0.0,0.0,0.0002170683115771022141
15,0.0,0.0,0.0,0.0,1.0,0.0,0.0,1.0,0.0,0.0,0.00030303697541374548414
16,0.0,0.0,0.0,0.0,0.0,0.0,0.0,1.0,1.0,0.0,-0.000100832059430723109975
17,0.0,1.0,0.0,0.0,1.0,0.0,0.0,0.0,0.0,0.0,0.0003188450036831501345
18,0.0,0.0,0.0,0.0,0.0,0.0,1.0,1.0,0.0,0.0,0.00042918703316494875587
19,1.0,0.0,0.0,0.0,0.0,0.0,0.0,1.0,0.0,0.0,0.0006242484901543997235
20,0.0,0.0,0.0,1.0,0.0,0.0,0.0,1.0,0.0,0.0,0.0012485866324487195764
21,1.0,0.0,0.0,0.0,0.0,0.0,0.0,0.0,1.0,0.0,9.9989791480179664807e-05
22,0.0,0.0,0.0,0.0,0.0,1.0,1.0,0.0,0.0,0.0,-0.00022986772540938420207
23,0.0,0.0,1.0,0.0,0.0,0.0,0.0,1.0,0.0,0.0,0.0006528849200546326714
24,0.0,0.0,0.0,0.0,1.0,0.0,0.0,0.0,1.0,0.0,0.00027926153008855134483
25,1.0,0.0,0.0,0.0,1.0,0.0,0.0,0.0,0.0,0.0,0.00025378380917681026888
26,0.0,0.0,0.0,0.0,0.0,1.0,0.0,0.0,1.0,0.0,-0.0007264458717712047905
27,0.0,0.0,0.0,0.0,0.0,0.0,1.0,0.0,1.0,0.0,0.00012564534655081066484
28,0.0,0.0,1.0,0.0,0.0,0.0,0.0,0.0,1.0,0.0,-9.7600541243141493396e-05
29,0.0,0.0,0.0,1.0,0.0,1.0,0.0,0.0,0.0,0.0,-0.00047334678266683215514
30,0.0,0.0,0.0,0.0,1.0,1.0,0.0,0.0,0.0,0.0,-0.00029916561103779131156
31,0.0,0.0,0.0,1.0,0.0,0.0,1.0,0.0,0.0,0.0,0.0005007047862915683765
32,0.0,0.0,0.0,0.0,0.0,0.0,0.0,0.0,0.0,1.0,-7.2238900452105777386e-05
33,0.0,1.0,0.0,0.0,0.0,0.0,0.0,0.0,0.0,1.0,0.0009240131311181941168
34,0.0,0.0,0.0,0.0,0.0,0.0,0.0,1.0,0.0,1.0,0.00064526672100718330246
35,0.0,0.0,1.0,0.0,0.0,0.0,0.0,0.0,0.0,1.0,7.877110764195265923e-05
36,0.0,0.0,0.0,1.0,0.0,0.0,0.0,0.0,0.0,1.0,9.5790926379958165846e-05
37,1.0,0.0,0.0,0.0,0.0,0.0,0.0,0.0,0.0,1.0,0.00011998434666081907592
38,0.0,0.0,0.0,0.0,0.0,0.0,0.0,0.0,1.0,1.0,6.862264799320836849e-05
39,0.0,0.0,0.0,0.0,0.0,0.0,1.0,0.0,0.0,1.0,0.0001786458112318507594
40,0.0,0.0,0.0,0.0,0.0,1.0,0.0,0.0,0.0,1.0,-0.00026633891513944730806
41,0.0,0.0,0.0,0.0,1.0,0.0,0.0,0.0,0.0,1.0,0.00017829660563101202533
42,0.0,1.0,0.0,0.0,0.0,0.0,0.0,1.0,0.0,1.0,0.0021824822373376774775
43,0.0,1.0,0.0,0.0,0.0,0.0,0.0,0.0,1.0,1.0,0.0015795010998666749654
44,1.0,1.0,0.0,0.0,0.0,0.0,0.0,0.0,0.0,1.0,0.0016509985829761751364
45,0.0,1.0,0.0,0.0,0.0,0.0,1.0,0.0,0.0,1.0,0.001462651021656081805
46,0.0,1.0,1.0,0.0,0.0,0.0,0.0,0.0,0.0,1.0,0.001197096210834214838
47,0.0,0.0,0.0,0.0,1.0,0.0,0.0,1.0,0.0,1.0,0.0009535039851891471177
48,0.0,0.0,0.0,0.0,0.0,0.0,0.0,1.0,1.0,1.0,0.0011742072536495311241
49,0.0,1.0,0.0,0.0,1.0,0.0,0.0,0.0,0.0,1.0,0.00078649125337064951626
50,0.0,0.0,0.0,0.0,0.0,0.0,1.0,1.0,0.0,1.0,0.0011882959157638775535
51,1.0,0.0,0.0,0.0,0.0,0.0,0.0,1.0,0.0,1.0,0.0010639902028616454929
52,0.0,0.0,0.0,1.0,0.0,0.0,0.0,1.0,0.0,1.0,0.001782725266193483816
53,1.0,0.0,0.0,0.0,0.0,0.0,0.0,0.0,1.0,1.0,0.00046570496052501160844
54,0.0,0.0,0.0,0.0,0.0,1.0,1.0,0.0,0.0,1.0,0.00016719138615008787408
55,0.0,0.0,1.0,0.0,0.0,0.0,0.0,1.0,0.0,1.0,0.0010380103816492582872
56,0.0,0.0,0.0,0.0,1.0,0.0,0.0,0.0,1.0,1.0,0.00058775918891497194786
57,1.0,0.0,0.0,0.0,1.0,0.0,0.0,0.0,0.0,1.0,0.00045597472485883644742
58,0.0,0.0,0.0,0.0,0.0,1.0,0.0,0.0,1.0,1.0,-0.00023096630163586259421
59,0.0,0.0,0.0,0.0,0.0,0.0,1.0,0.0,1.0,1.0,0.00059836133523255893876
60,0.0,0.0,1.0,0.0,0.0,0.0,0.0,0.0,1.0,1.0,0.00035960177535026213243
61,0.0,0.0,0.0,1.0,0.0,1.0,0.0,0.0,0.0,1.0,-0.00013836484948059755576
62,0.0,0.0,0.0,0.0,1.0,1.0,0.0,0.0,0.0,1.0,-9.315678777417754075e-05
63,0.0,0.0,0.0,1.0,0.0,0.0,1.0,0.0,0.0,1.0,2.2848309728852860859e-05
