,0,1,2,3,4,5,6,7,8,9,0
0,0,0,0,0,0,0,0,0,0,0,0.004189102564102563
1,1,0,0,0,0,0,0,0,0,0,0.004096153846153847
2,0,1,0,0,0,0,0,0,0,0,0.004198717948717949
3,1,1,0,0,0,0,0,0,0,0,0.003995726495726496
4,0,0,1,0,0,0,0,0,0,0,0.004072649572649572
5,1,0,1,0,0,0,0,0,0,0,0.0042403846153846155
6,0,1,1,0,0,0,0,0,0,0,0.004144230769230769
7,1,1,1,0,0,0,0,0,0,0,0.004141025641025642
8,0,0,0,1,0,0,0,0,0,0,0.004070512820512821
9,1,0,0,1,0,0,0,0,0,0,0.004096153846153847
10,0,1,0,1,0,0,0,0,0,0,0.004070512820512821
11,1,1,0,1,0,0,0,0,0,0,0.004057692307692308
12,0,0,1,1,0,0,0,0,0,0,0.003931623931623932
13,1,0,1,1,0,0,0,0,0,0,0.004076923076923077
14,0,1,1,1,0,0,0,0,0,0,0.004054487179487179
15,1,1,1,1,0,0,0,0,0,0,0.0039807692307692304
16,0,0,0,0,1,0,0,0,0,0,0.0041025641025641026
17,1,0,0,0,1,0,0,0,0,0,0.004025641025641026
18,0,1,0,0,1,0,0,0,0,0,0.004162393162393162
19,1,1,0,0,1,0,0,0,0,0,0.004076923076923078
20,0,0,1,0,1,0,0,0,0,0,0.004173076923076923
21,1,0,1,0,1,0,0,0,0,0,0.004182692307692307
22,0,1,1,0,1,0,0,0,0,0,0.004070512820512821
23,1,1,1,0,1,0,0,0,0,0,0.004326923076923077
24,0,0,0,1,1,0,0,0,0,0,0.004054487179487179
25,1,0,0,1,1,0,0,0,0,0,0.004012820512820513
26,0,1,0,1,1,0,0,0,0,0,0.004025641025641026
27,1,1,0,1,1,0,0,0,0,0,0.004016025641025641
28,0,0,1,1,1,0,0,0,0,0,0.00408974358974359
29,1,0,1,1,1,0,0,0,0,0,0.004004273504273504
30,0,1,1,1,1,0,0,0,0,0,0.003940170940170941
31,1,1,1,1,1,0,0,0,0,0,0.0040448717948717945
32,0,0,0,0,0,1,0,0,0,0,0.004198717948717949
33,1,0,0,0,0,1,0,0,0,0,0.004085470085470086
34,0,1,0,0,0,1,0,0,0,0,0.0040384615384615385
35,1,1,0,0,0,1,0,0,0,0,0.004064102564102564
36,0,0,1,0,0,1,0,0,0,0,0.004189102564102564
37,1,0,1,0,0,1,0,0,0,0,0.004073717948717948
38,0,1,1,0,0,1,0,0,0,0,0.004128205128205128
39,1,1,1,0,0,1,0,0,0,0,0.004085470085470086
40,0,0,0,1,0,1,0,0,0,0,0.004047008547008547
41,1,0,0,1,0,1,0,0,0,0,0.004064102564102564
42,0,1,0,1,0,1,0,0,0,0,0.0040320512820512825
43,1,1,0,1,0,1,0,0,0,0,0.0041025641025641026
44,0,0,1,1,0,1,0,0,0,0,0.004145299145299145
45,1,0,1,1,0,1,0,0,0,0,0.004064102564102564
46,0,1,1,1,0,1,0,0,0,0,0.004076923076923077
47,1,1,1,1,0,1,0,0,0,0,0.004054487179487179
48,0,0,0,0,1,1,0,0,0,0,0.004092948717948718
49,1,0,0,0,1,1,0,0,0,0,0.004055555555555555
50,0,1,0,0,1,1,0,0,0,0,0.004068376068376068
51,1,1,0,0,1,1,0,0,0,0,0.004115384615384615
52,0,0,1,0,1,1,0,0,0,0,0.004089743589743591
53,1,0,1,0,1,1,0,0,0,0,0.004211538461538462
54,0,1,1,0,1,1,0,0,0,0,0.004
55,1,1,1,0,1,1,0,0,0,0,0.004006410256410257
56,0,0,0,1,1,1,0,0,0,0,0.004397435897435898
57,1,0,0,1,1,1,0,0,0,0,0.004131410256410256
58,0,1,0,1,1,1,0,0,0,0,0.004073717948717949
59,1,1,0,1,1,1,0,0,0,0,0.004094017094017094
60,0,0,1,1,1,1,0,0,0,0,0.004060897435897435
61,1,0,1,1,1,1,0,0,0,0,0.004125
62,0,1,1,1,1,1,0,0,0,0,0.00408974358974359
63,1,1,1,1,1,1,0,0,0,0,0.004054487179487179
64,0,0,0,0,0,0,1,0,0,0,0.004080128205128205
65,1,0,0,0,0,0,1,0,0,0,0.004132478632478632
66,0,1,0,0,0,0,1,0,0,0,0.004175213675213675
67,1,1,0,0,0,0,1,0,0,0,0.004067307692307692
68,0,0,1,0,0,0,1,0,0,0,0.00408974358974359
69,1,0,1,0,0,0,1,0,0,0,0.004067307692307693
70,0,1,1,0,0,0,1,0,0,0,0.004042735042735043
71,1,1,1,0,0,0,1,0,0,0,0.004064102564102564
72,0,0,0,1,0,0,1,0,0,0,0.004054487179487179
73,1,0,0,1,0,0,1,0,0,0,0.004083333333333333
74,0,1,0,1,0,0,1,0,0,0,0.004028846153846154
75,1,1,0,1,0,0,1,0,0,0,0.004064102564102564
76,0,0,1,1,0,0,1,0,0,0,0.004085470085470086
77,1,0,1,1,0,0,1,0,0,0,0.004025641025641026
78,0,1,1,1,0,0,1,0,0,0,0.004067307692307692
79,1,1,1,1,0,0,1,0,0,0,0.004028846153846154
80,0,0,0,0,1,0,1,0,0,0,0.004054487179487179
81,1,0,0,0,1,0,1,0,0,0,0.004060897435897436
82,0,1,0,0,1,0,1,0,0,0,0.0041025641025641026
83,1,1,0,0,1,0,1,0,0,0,0.003991452991452991
84,0,0,1,0,1,0,1,0,0,0,0.004017094017094017
85,1,0,1,0,1,0,1,0,0,0,0.004115384615384615
86,0,1,1,0,1,0,1,0,0,0,0.004054487179487179
87,1,1,1,0,1,0,1,0,0,0,0.00407051282051282
88,0,0,0,1,1,0,1,0,0,0,0.004131410256410256
89,1,0,0,1,1,0,1,0,0,0,0.004
90,0,1,0,1,1,0,1,0,0,0,0.004092948717948718
91,1,1,0,1,1,0,1,0,0,0,0.004054487179487179
92,0,0,1,1,1,0,1,0,0,0,0.00414957264957265
93,1,0,1,1,1,0,1,0,0,0,0.004017094017094017
94,0,1,1,1,1,0,1,0,0,0,0.004160256410256411
95,1,1,1,1,1,0,1,0,0,0,0.004003205128205128
96,0,0,0,0,0,1,1,0,0,0,0.00405982905982906
97,1,0,0,0,0,1,1,0,0,0,0.004076923076923077
98,0,1,0,0,0,1,1,0,0,0,0.004112179487179487
99,1,1,0,0,0,1,1,0,0,0,0.004054487179487179
100,0,0,1,0,0,1,1,0,0,0,0.004068376068376068
101,1,0,1,0,0,1,1,0,0,0,0.004733974358974359
102,0,1,1,0,0,1,1,0,0,0,0.0041025641025641026
103,1,1,1,0,0,1,1,0,0,0,0.00405982905982906
104,0,0,0,1,0,1,1,0,0,0,0.005080128205128205
105,1,0,0,1,0,1,1,0,0,0,0.004086538461538462
106,0,1,0,1,0,1,1,0,0,0,0.0047115384615384615
107,1,1,0,1,0,1,1,0,0,0,0.003996794871794872
108,0,0,1,1,0,1,1,0,0,0,0.004564102564102565
109,1,0,1,1,0,1,1,0,0,0,0.004235042735042735
110,0,1,1,1,0,1,1,0,0,0,0.00414957264957265
111,1,1,1,1,0,1,1,0,0,0,0.004076923076923078
112,0,0,0,0,1,1,1,0,0,0,0.004230769230769231
113,1,0,0,0,1,1,1,0,0,0,0.004136752136752137
114,0,1,0,0,1,1,1,0,0,0,0.004098290598290598
115,1,1,0,0,1,1,1,0,0,0,0.004115384615384615
116,0,0,1,0,1,1,1,0,0,0,0.0041025641025641026
117,1,0,1,0,1,1,1,0,0,0,0.0045000000000000005
118,0,1,1,0,1,1,1,0,0,0,0.004349358974358975
119,1,1,1,0,1,1,1,0,0,0,0.004025641025641027
120,0,0,0,1,1,1,1,0,0,0,0.004608974358974359
121,1,0,0,1,1,1,1,0,0,0,0.004134615384615384
122,0,1,0,1,1,1,1,0,0,0,0.004669871794871795
123,1,1,0,1,1,1,1,0,0,0,0.004482905982905983
124,0,0,1,1,1,1,1,0,0,0,0.004983974358974359
125,1,0,1,1,1,1,1,0,0,0,0.004145299145299145
126,0,1,1,1,1,1,1,0,0,0,0.004132478632478633
127,1,1,1,1,1,1,1,0,0,0,0.004017094017094017
128,0,0,0,0,0,0,0,1,0,0,0.004064102564102564
129,1,0,0,0,0,0,0,1,0,0,0.00408974358974359
130,0,1,0,0,0,0,0,1,0,0,0.004342948717948718
131,1,1,0,0,0,0,0,1,0,0,0.004326923076923077
132,0,0,1,0,0,0,0,1,0,0,0.004070512820512821
133,1,0,1,0,0,0,0,1,0,0,0.004111111111111111
134,0,1,1,0,0,0,0,1,0,0,0.004083333333333334
135,1,1,1,0,0,0,0,1,0,0,0.005205128205128206
136,0,0,0,1,0,0,0,1,0,0,0.0045160256410256405
137,1,0,0,1,0,0,0,1,0,0,0.004008547008547009
138,0,1,0,1,0,0,0,1,0,0,0.0040384615384615385
139,1,1,0,1,0,0,0,1,0,0,0.004560897435897436
140,0,0,1,1,0,0,0,1,0,0,0.0040384615384615385
141,1,0,1,1,0,0,0,1,0,0,0.004070512820512821
142,0,1,1,1,0,0,0,1,0,0,0.004072649572649572
143,1,1,1,1,0,0,0,1,0,0,0.00397008547008547
144,0,0,0,0,1,0,0,1,0,0,0.004137820512820512
145,1,0,0,0,1,0,0,1,0,0,0.004205128205128205
146,0,1,0,0,1,0,0,1,0,0,0.004134615384615384
147,1,1,0,0,1,0,0,1,0,0,0.004064102564102564
148,0,0,1,0,1,0,0,1,0,0,0.004176282051282051
149,1,0,1,0,1,0,0,1,0,0,0.004163461538461538
150,0,1,1,0,1,0,0,1,0,0,0.004397435897435897
151,1,1,1,0,1,0,0,1,0,0,0.003996794871794872
152,0,0,0,1,1,0,0,1,0,0,0.004259615384615384
153,1,0,0,1,1,0,0,1,0,0,0.00405982905982906
154,0,1,0,1,1,0,0,1,0,0,0.004008547008547008
155,1,1,0,1,1,0,0,1,0,0,0.0040384615384615385
156,0,0,1,1,1,0,0,1,0,0,0.004009615384615384
157,1,0,1,1,1,0,0,1,0,0,0.004008547008547008
158,0,1,1,1,1,0,0,1,0,0,0.003948717948717949
159,1,1,1,1,1,0,0,1,0,0,0.003996794871794872
160,0,0,0,0,0,1,0,1,0,0,0.005141025641025641
161,1,0,0,0,0,1,0,1,0,0,0.004136752136752137
162,0,1,0,0,0,1,0,1,0,0,0.00416025641025641
163,1,1,0,0,0,1,0,1,0,0,0.004016025641025642
164,0,0,1,0,0,1,0,1,0,0,0.004551282051282052
165,1,0,1,0,0,1,0,1,0,0,0.004081196581196581
166,0,1,1,0,0,1,0,1,0,0,0.004054487179487179
167,1,1,1,0,0,1,0,1,0,0,0.004072649572649572
168,0,0,0,1,0,1,0,1,0,0,0.003944444444444445
169,1,0,0,1,0,1,0,1,0,0,0.004073717948717949
170,0,1,0,1,0,1,0,1,0,0,0.004086538461538462
171,1,1,0,1,0,1,0,1,0,0,0.0040299145299145306
172,0,0,1,1,0,1,0,1,0,0,0.003952991452991453
173,1,0,1,1,0,1,0,1,0,0,0.004076923076923077
174,0,1,1,1,0,1,0,1,0,0,0.004016025641025641
175,1,1,1,1,0,1,0,1,0,0,0.004086538461538461
176,0,0,0,0,1,1,0,1,0,0,0.004092948717948719
177,1,0,0,0,1,1,0,1,0,0,0.004131410256410256
178,0,1,0,0,1,1,0,1,0,0,0.004132478632478633
179,1,1,0,0,1,1,0,1,0,0,0.004068376068376068
180,0,0,1,0,1,1,0,1,0,0,0.004145299145299145
181,1,0,1,0,1,1,0,1,0,0,0.0042008547008547
182,0,1,1,0,1,1,0,1,0,0,0.00414957264957265
183,1,1,1,0,1,1,0,1,0,0,0.004182692307692307
184,0,0,0,1,1,1,0,1,0,0,0.004916666666666666
185,1,0,0,1,1,1,0,1,0,0,0.004083333333333333
186,0,1,0,1,1,1,0,1,0,0,0.004179487179487179
187,1,1,0,1,1,1,0,1,0,0,0.004076923076923077
188,0,0,1,1,1,1,0,1,0,0,0.004054487179487179
189,1,0,1,1,1,1,0,1,0,0,0.004166666666666667
190,0,1,1,1,1,1,0,1,0,0,0.004128205128205128
191,1,1,1,1,1,1,0,1,0,0,0.00397008547008547
192,0,0,0,0,0,0,1,1,0,0,0.004096153846153847
193,1,0,0,0,0,0,1,1,0,0,0.004068376068376068
194,0,1,0,0,0,0,1,1,0,0,0.004179487179487179
195,1,1,0,0,0,0,1,1,0,0,0.004323717948717948
196,0,0,1,0,0,0,1,1,0,0,0.004076923076923077
197,1,0,1,0,0,0,1,1,0,0,0.004162393162393163
198,0,1,1,0,0,0,1,1,0,0,0.004054487179487179
199,1,1,1,0,0,0,1,1,0,0,0.004153846153846154
200,0,0,0,1,0,0,1,1,0,0,0.004094017094017094
201,1,0,0,1,0,0,1,1,0,0,0.004012820512820513
202,0,1,0,1,0,0,1,1,0,0,0.004057692307692308
203,1,1,0,1,0,0,1,1,0,0,0.003935897435897435
204,0,0,1,1,0,0,1,1,0,0,0.003990384615384615
205,1,0,1,1,0,0,1,1,0,0,0.004044871794871795
206,0,1,1,1,0,0,1,1,0,0,0.003983974358974359
207,1,1,1,1,0,0,1,1,0,0,0.003987179487179487
208,0,0,0,0,1,0,1,1,0,0,0.004618589743589744
209,1,0,0,0,1,0,1,1,0,0,0.004098290598290598
210,0,1,0,0,1,0,1,1,0,0,0.00414423076923077
211,1,1,0,0,1,0,1,1,0,0,0.004141025641025641
212,0,0,1,0,1,0,1,1,0,0,0.004098290598290599
213,1,0,1,0,1,0,1,1,0,0,0.004008547008547009
214,0,1,1,0,1,0,1,1,0,0,0.004076923076923078
215,1,1,1,0,1,0,1,1,0,0,0.004123931623931623
216,0,0,0,1,1,0,1,1,0,0,0.004176282051282051
217,1,0,0,1,1,0,1,1,0,0,0.004198717948717949
218,0,1,0,1,1,0,1,1,0,0,0.004025641025641026
219,1,1,0,1,1,0,1,1,0,0,0.004123931623931624
220,0,0,1,1,1,0,1,1,0,0,0.004153846153846154
221,1,0,1,1,1,0,1,1,0,0,0.0040352564102564105
222,0,1,1,1,1,0,1,1,0,0,0.004310897435897436
223,1,1,1,1,1,0,1,1,0,0,0.0039807692307692304
224,0,0,0,0,0,1,1,1,0,0,0.004025641025641026
225,1,0,0,0,0,1,1,1,0,0,0.0041025641025641026
226,0,1,0,0,0,1,1,1,0,0,0.004166666666666667
227,1,1,0,0,0,1,1,1,0,0,0.004132478632478633
228,0,0,1,0,0,1,1,1,0,0,0.0046987179487179495
229,1,0,1,0,0,1,1,1,0,0,0.004458333333333333
230,0,1,1,0,0,1,1,1,0,0,0.004025641025641026
231,1,1,1,0,0,1,1,1,0,0,0.00416025641025641
232,0,0,0,1,0,1,1,1,0,0,0.004150641025641026
233,1,0,0,1,0,1,1,1,0,0,0.004044871794871795
234,0,1,0,1,0,1,1,1,0,0,0.0046410256410256406
235,1,1,0,1,0,1,1,1,0,0,0.004025641025641025
236,0,0,1,1,0,1,1,1,0,0,0.003983974358974358
237,1,0,1,1,0,1,1,1,0,0,0.0039700854700854705
238,0,1,1,1,0,1,1,1,0,0,0.004021367521367522
239,1,1,1,1,0,1,1,1,0,0,0.004
240,0,0,0,0,1,1,1,1,0,0,0.00408974358974359
241,1,0,0,0,1,1,1,1,0,0,0.0042307692307692315
242,0,1,0,0,1,1,1,1,0,0,0.004072649572649572
243,1,1,0,0,1,1,1,1,0,0,0.004094017094017094
244,0,0,1,0,1,1,1,1,0,0,0.004106837606837607
245,1,0,1,0,1,1,1,1,0,0,0.004333333333333333
246,0,1,1,0,1,1,1,1,0,0,0.004653846153846154
247,1,1,1,0,1,1,1,1,0,0,0.004080128205128205
248,0,0,0,1,1,1,1,1,0,0,0.0040299145299145306
249,1,0,0,1,1,1,1,1,0,0,0.004594017094017094
250,0,1,0,1,1,1,1,1,0,0,0.004051282051282051
251,1,1,0,1,1,1,1,1,0,0,0.004
252,0,0,1,1,1,1,1,1,0,0,0.0042435897435897435
253,1,0,1,1,1,1,1,1,0,0,0.004123931623931623
254,0,1,1,1,1,1,1,1,0,0,0.005837606837606838
255,1,1,1,1,1,1,1,1,0,0,0.004183760683760684
256,0,0,0,0,0,0,0,0,1,0,0.004807692307692308
257,1,0,0,0,0,0,0,0,1,0,0.0040448717948717945
258,0,1,0,0,0,0,0,0,1,0,0.0040352564102564105
259,1,1,0,0,0,0,0,0,1,0,0.005051282051282051
260,0,0,1,0,0,0,0,0,1,0,0.0042435897435897435
261,1,0,1,0,0,0,0,0,1,0,0.004634615384615385
262,0,1,1,0,0,0,0,0,1,0,0.004068376068376068
263,1,1,1,0,0,0,0,0,1,0,0.00414957264957265
264,0,0,0,1,0,0,0,0,1,0,0.00405982905982906
265,1,0,0,1,0,0,0,0,1,0,0.004299145299145299
266,0,1,0,1,0,0,0,0,1,0,0.005769230769230769
267,1,1,0,1,0,0,0,0,1,0,0.0048397435897435895
268,0,0,1,1,0,0,0,0,1,0,0.004057692307692307
269,1,0,1,1,0,0,0,0,1,0,0.003996794871794871
270,0,1,1,1,0,0,0,0,1,0,0.004094017094017095
271,1,1,1,1,0,0,0,0,1,0,0.003991452991452991
272,0,0,0,0,1,0,0,0,1,0,0.004119658119658119
273,1,0,0,0,1,0,0,0,1,0,0.00475
274,0,1,0,0,1,0,0,0,1,0,0.004067307692307692
275,1,1,0,0,1,0,0,0,1,0,0.004098290598290599
276,0,0,1,0,1,0,0,0,1,0,0.004051282051282051
277,1,0,1,0,1,0,0,0,1,0,0.004081196581196582
278,0,1,1,0,1,0,0,0,1,0,0.004544871794871795
279,1,1,1,0,1,0,0,0,1,0,0.0041068376068376065
280,0,0,0,1,1,0,0,0,1,0,0.004833333333333334
281,1,0,0,1,1,0,0,0,1,0,0.004094017094017094
282,0,1,0,1,1,0,0,0,1,0,0.004025641025641026
283,1,1,0,1,1,0,0,0,1,0,0.004235042735042735
284,0,0,1,1,1,0,0,0,1,0,0.00414423076923077
285,1,0,1,1,1,0,0,0,1,0,0.00421474358974359
286,0,1,1,1,1,0,0,0,1,0,0.003965811965811966
287,1,1,1,1,1,0,0,0,1,0,0.003932692307692308
288,0,0,0,0,0,1,0,0,1,0,0.004064102564102564
289,1,0,0,0,0,1,0,0,1,0,0.004141025641025641
290,0,1,0,0,0,1,0,0,1,0,0.0040384615384615385
291,1,1,0,0,0,1,0,0,1,0,0.004022435897435898
292,0,0,1,0,0,1,0,0,1,0,0.0040341880341880345
293,1,0,1,0,0,1,0,0,1,0,0.004025641025641026
294,0,1,1,0,0,1,0,0,1,0,0.0040384615384615385
295,1,1,1,0,0,1,0,0,1,0,0.004183760683760684
296,0,0,0,1,0,1,0,0,1,0,0.003931623931623932
297,1,0,0,1,0,1,0,0,1,0,0.004701923076923077
298,0,1,0,1,0,1,0,0,1,0,0.004128205128205128
299,1,1,0,1,0,1,0,0,1,0,0.003996794871794872
300,0,0,1,1,0,1,0,0,1,0,0.004141025641025641
301,1,0,1,1,0,1,0,0,1,0,0.004048076923076923
302,0,1,1,1,0,1,0,0,1,0,0.004145299145299145
303,1,1,1,1,0,1,0,0,1,0,0.003983974358974359
304,0,0,0,0,1,1,0,0,1,0,0.004387820512820512
305,1,0,0,0,1,1,0,0,1,0,0.004096153846153847
306,0,1,0,0,1,1,0,0,1,0,0.004346153846153847
307,1,1,0,0,1,1,0,0,1,0,0.004094017094017095
308,0,0,1,0,1,1,0,0,1,0,0.004004273504273504
309,1,0,1,0,1,1,0,0,1,0,0.004730769230769231
310,0,1,1,0,1,1,0,0,1,0,0.004134615384615384
311,1,1,1,0,1,1,0,0,1,0,0.004153846153846154
312,0,0,0,1,1,1,0,0,1,0,0.004145299145299145
313,1,0,0,1,1,1,0,0,1,0,0.004252136752136752
314,0,1,0,1,1,1,0,0,1,0,0.004060897435897435
315,1,1,0,1,1,1,0,0,1,0,0.004051282051282051
316,0,0,1,1,1,1,0,0,1,0,0.004208333333333333
317,1,0,1,1,1,1,0,0,1,0,0.004733974358974359
318,0,1,1,1,1,1,0,0,1,0,0.003927350427350428
319,1,1,1,1,1,1,0,0,1,0,0.004387820512820512
320,0,0,0,0,0,0,1,0,1,0,0.004094017094017094
321,1,0,0,0,0,0,1,0,1,0,0.004794871794871795
322,0,1,0,0,0,0,1,0,1,0,0.0041025641025641026
323,1,1,0,0,0,0,1,0,1,0,0.0040384615384615385
324,0,0,1,0,0,0,1,0,1,0,0.004132478632478633
325,1,0,1,0,0,0,1,0,1,0,0.004157051282051282
326,0,1,1,0,0,0,1,0,1,0,0.004021367521367521
327,1,1,1,0,0,0,1,0,1,0,0.004123931623931623
328,0,0,0,1,0,0,1,0,1,0,0.004205128205128206
329,1,0,0,1,0,0,1,0,1,0,0.004016025641025641
330,0,1,0,1,0,0,1,0,1,0,0.004044871794871795
331,1,1,0,1,0,0,1,0,1,0,0.004596153846153846
332,0,0,1,1,0,0,1,0,1,0,0.0048397435897435895
333,1,0,1,1,0,0,1,0,1,0,0.0039775641025641024
334,0,1,1,1,0,0,1,0,1,0,0.004891025641025641
335,1,1,1,1,0,0,1,0,1,0,0.003982905982905983
336,0,0,0,0,1,0,1,0,1,0,0.004256410256410256
337,1,0,0,0,1,0,1,0,1,0,0.004352564102564103
338,0,1,0,0,1,0,1,0,1,0,0.004145299145299146
339,1,1,0,0,1,0,1,0,1,0,0.004919871794871794
340,0,0,1,0,1,0,1,0,1,0,0.004059829059829059
341,1,0,1,0,1,0,1,0,1,0,0.004136752136752137
342,0,1,1,0,1,0,1,0,1,0,0.004115384615384615
343,1,1,1,0,1,0,1,0,1,0,0.004115384615384615
344,0,0,0,1,1,0,1,0,1,0,0.004048076923076923
345,1,0,0,1,1,0,1,0,1,0,0.003991452991452991
346,0,1,0,1,1,0,1,0,1,0,0.004008547008547009
347,1,1,0,1,1,0,1,0,1,0,0.004115384615384615
348,0,0,1,1,1,0,1,0,1,0,0.003978632478632479
349,1,0,1,1,1,0,1,0,1,0,0.003987179487179487
350,0,1,1,1,1,0,1,0,1,0,0.0039711538461538465
351,1,1,1,1,1,0,1,0,1,0,0.003948717948717949
352,0,0,0,0,0,1,1,0,1,0,0.004068376068376068
353,1,0,0,0,0,1,1,0,1,0,0.004070512820512821
354,0,1,0,0,0,1,1,0,1,0,0.004282051282051283
355,1,1,0,0,0,1,1,0,1,0,0.004042735042735043
356,0,0,1,0,0,1,1,0,1,0,0.004076923076923077
357,1,0,1,0,0,1,1,0,1,0,0.004134615384615385
358,0,1,1,0,0,1,1,0,1,0,0.004051282051282051
359,1,1,1,0,0,1,1,0,1,0,0.004175213675213675
360,0,0,0,1,0,1,1,0,1,0,0.004006410256410257
361,1,0,0,1,0,1,1,0,1,0,0.00397008547008547
362,0,1,0,1,0,1,1,0,1,0,0.003982905982905983
363,1,1,0,1,0,1,1,0,1,0,0.004316239316239316
364,0,0,1,1,0,1,1,0,1,0,0.003987179487179487
365,1,0,1,1,0,1,1,0,1,0,0.004833333333333334
366,0,1,1,1,0,1,1,0,1,0,0.004862179487179487
367,1,1,1,1,0,1,1,0,1,0,0.00405982905982906
368,0,0,0,0,1,1,1,0,1,0,0.0041025641025641026
369,1,0,0,0,1,1,1,0,1,0,0.004083333333333333
370,0,1,0,0,1,1,1,0,1,0,0.00414957264957265
371,1,1,0,0,1,1,1,0,1,0,0.004157051282051282
372,0,0,1,0,1,1,1,0,1,0,0.004086538461538462
373,1,0,1,0,1,1,1,0,1,0,0.004118589743589743
374,0,1,1,0,1,1,1,0,1,0,0.004019230769230769
375,1,1,1,0,1,1,1,0,1,0,0.004051282051282051
376,0,0,0,1,1,1,1,0,1,0,0.0040352564102564105
377,1,0,0,1,1,1,1,0,1,0,0.004012820512820513
378,0,1,0,1,1,1,1,0,1,0,0.004405982905982906
379,1,1,0,1,1,1,1,0,1,0,0.00407051282051282
380,0,0,1,1,1,1,1,0,1,0,0.003965811965811966
381,1,0,1,1,1,1,1,0,1,0,0.004067307692307692
382,0,1,1,1,1,1,1,0,1,0,0.004072649572649572
383,1,1,1,1,1,1,1,0,1,0,0.004025641025641026
384,0,0,0,0,0,0,0,1,1,0,0.0040427350427350425
385,1,0,0,0,0,0,0,1,1,0,0.004756410256410257
386,0,1,0,0,0,0,0,1,1,0,0.004021367521367521
387,1,1,0,0,0,0,0,1,1,0,0.004098290598290598
388,0,0,1,0,0,0,0,1,1,0,0.004054487179487179
389,1,0,1,0,0,0,0,1,1,0,0.00407051282051282
390,0,1,1,0,0,0,0,1,1,0,0.004259615384615384
391,1,1,1,0,0,0,0,1,1,0,0.004153846153846154
392,0,0,0,1,0,0,0,1,1,0,0.004086538461538462
393,1,0,0,1,0,0,0,1,1,0,0.004589743589743589
394,0,1,0,1,0,0,0,1,1,0,0.0041025641025641026
395,1,1,0,1,0,0,0,1,1,0,0.004021367521367521
396,0,0,1,1,0,0,0,1,1,0,0.004341880341880342
397,1,0,1,1,0,0,0,1,1,0,0.004217948717948718
398,0,1,1,1,0,0,0,1,1,0,0.004092948717948718
399,1,1,1,1,0,0,0,1,1,0,0.004692307692307693
400,0,0,0,0,1,0,0,1,1,0,0.004121794871794872
401,1,0,0,0,1,0,0,1,1,0,0.004115384615384615
402,0,1,0,0,1,0,0,1,1,0,0.005554487179487181
403,1,1,0,0,1,0,0,1,1,0,0.004525641025641026
404,0,0,1,0,1,0,0,1,1,0,0.005162393162393163
405,1,0,1,0,1,0,0,1,1,0,0.005362179487179488
406,0,1,1,0,1,0,0,1,1,0,0.004098290598290599
407,1,1,1,0,1,0,0,1,1,0,0.004047008547008547
408,0,0,0,1,1,0,0,1,1,0,0.004054487179487179
409,1,0,0,1,1,0,0,1,1,0,0.004649572649572649
410,0,1,0,1,1,0,0,1,1,0,0.004012820512820513
411,1,1,0,1,1,0,0,1,1,0,0.005737179487179487
412,0,0,1,1,1,0,0,1,1,0,0.003996794871794872
413,1,0,1,1,1,0,0,1,1,0,0.004003205128205128
414,0,1,1,1,1,0,0,1,1,0,0.0040352564102564105
415,1,1,1,1,1,0,0,1,1,0,0.003996794871794871
416,0,0,0,0,0,1,0,1,1,0,0.004094017094017094
417,1,0,0,0,0,1,0,1,1,0,0.0041025641025641026
418,0,1,0,0,0,1,0,1,1,0,0.004150641025641026
419,1,1,0,0,0,1,0,1,1,0,0.004067307692307693
420,0,0,1,0,0,1,0,1,1,0,0.004317307692307692
421,1,0,1,0,0,1,0,1,1,0,0.004111111111111111
422,0,1,1,0,0,1,0,1,1,0,0.00414957264957265
423,1,1,1,0,0,1,0,1,1,0,0.004363247863247864
424,0,0,0,1,0,1,0,1,1,0,0.003961538461538462
425,1,0,0,1,0,1,0,1,1,0,0.004059829059829059
426,0,1,0,1,0,1,0,1,1,0,0.003987179487179487
427,1,1,0,1,0,1,0,1,1,0,0.004025641025641025
428,0,0,1,1,0,1,0,1,1,0,0.004008547008547009
429,1,0,1,1,0,1,0,1,1,0,0.004119658119658119
430,0,1,1,1,0,1,0,1,1,0,0.0040299145299145306
431,1,1,1,1,0,1,0,1,1,0,0.004064102564102564
432,0,0,0,0,1,1,0,1,1,0,0.004054487179487179
433,1,0,0,0,1,1,0,1,1,0,0.004137820512820512
434,0,1,0,0,1,1,0,1,1,0,0.004092948717948719
435,1,1,0,0,1,1,0,1,1,0,0.004350427350427351
436,0,0,1,0,1,1,0,1,1,0,0.004017094017094017
437,1,0,1,0,1,1,0,1,1,0,0.00414957264957265
438,0,1,1,0,1,1,0,1,1,0,0.004094017094017094
439,1,1,1,0,1,1,0,1,1,0,0.003987179487179487
440,0,0,0,1,1,1,0,1,1,0,0.00408974358974359
441,1,0,0,1,1,1,0,1,1,0,0.0041730769230769234
442,0,1,0,1,1,1,0,1,1,0,0.003983974358974358
443,1,1,0,1,1,1,0,1,1,0,0.004141025641025641
444,0,0,1,1,1,1,0,1,1,0,0.004019230769230769
445,1,0,1,1,1,1,0,1,1,0,0.004076923076923077
446,0,1,1,1,1,1,0,1,1,0,0.004025641025641025
447,1,1,1,1,1,1,0,1,1,0,0.0039786324786324784
448,0,0,0,0,0,0,1,1,1,0,0.004054487179487179
449,1,0,0,0,0,0,1,1,1,0,0.004076923076923078
450,0,1,0,0,0,0,1,1,1,0,0.004006410256410256
451,1,1,0,0,0,0,1,1,1,0,0.004068376068376068
452,0,0,1,0,0,0,1,1,1,0,0.004544871794871796
453,1,0,1,0,0,0,1,1,1,0,0.004123931623931625
454,0,1,1,0,0,0,1,1,1,0,0.004047008547008547
455,1,1,1,0,0,0,1,1,1,0,0.004092948717948718
456,0,0,0,1,0,0,1,1,1,0,0.003978632478632479
457,1,0,0,1,0,0,1,1,1,0,0.004044871794871795
458,0,1,0,1,0,0,1,1,1,0,0.004051282051282051
459,1,1,0,1,0,0,1,1,1,0,0.003978632478632479
460,0,0,1,1,0,0,1,1,1,0,0.00416025641025641
461,1,0,1,1,0,0,1,1,1,0,0.004221153846153847
462,0,1,1,1,0,0,1,1,1,0,0.004032051282051282
463,1,1,1,1,0,0,1,1,1,0,0.004094017094017094
464,0,0,0,0,1,0,1,1,1,0,0.00405982905982906
465,1,0,0,0,1,0,1,1,1,0,0.004080128205128205
466,0,1,0,0,1,0,1,1,1,0,0.004166666666666667
467,1,1,0,0,1,0,1,1,1,0,0.004182692307692307
468,0,0,1,0,1,0,1,1,1,0,0.004076923076923077
469,1,0,1,0,1,0,1,1,1,0,0.004291666666666667
470,0,1,1,0,1,0,1,1,1,0,0.004179487179487179
471,1,1,1,0,1,0,1,1,1,0,0.0042339743589743595
472,0,0,0,1,1,0,1,1,1,0,0.0040448717948717945
473,1,0,0,1,1,0,1,1,1,0,0.004012820512820513
474,0,1,0,1,1,0,1,1,1,0,0.004602564102564103
475,1,1,0,1,1,0,1,1,1,0,0.0042350427350427355
476,0,0,1,1,1,0,1,1,1,0,0.004048076923076923
477,1,0,1,1,1,0,1,1,1,0,0.004128205128205128
478,0,1,1,1,1,0,1,1,1,0,0.003983974358974358
479,1,1,1,1,1,0,1,1,1,0,0.0039775641025641024
480,0,0,0,0,0,1,1,1,1,0,0.004016025641025642
481,1,0,0,0,0,1,1,1,1,0,0.004246794871794872
482,0,1,0,0,0,1,1,1,1,0,0.003978632478632479
483,1,1,0,0,0,1,1,1,1,0,0.004022435897435898
484,0,0,1,0,0,1,1,1,1,0,0.004884615384615385
485,1,0,1,0,0,1,1,1,1,0,0.0040470085470085465
486,0,1,1,0,0,1,1,1,1,0,0.004179487179487179
487,1,1,1,0,0,1,1,1,1,0,0.004112179487179487
488,0,0,0,1,0,1,1,1,1,0,0.004
489,1,0,0,1,0,1,1,1,1,0,0.004081196581196582
490,0,1,0,1,0,1,1,1,1,0,0.004048076923076923
491,1,1,0,1,0,1,1,1,1,0,0.003978632478632479
492,0,0,1,1,0,1,1,1,1,0,0.004017094017094017
493,1,0,1,1,0,1,1,1,1,0,0.0045032051282051285
494,0,1,1,1,0,1,1,1,1,0,0.00407051282051282
495,1,1,1,1,0,1,1,1,1,0,0.003993589743589744
496,0,0,0,0,1,1,1,1,1,0,0.004070512820512821
497,1,0,0,0,1,1,1,1,1,0,0.004096153846153847
498,0,1,0,0,1,1,1,1,1,0,0.004054487179487179
499,1,1,0,0,1,1,1,1,1,0,0.004137820512820513
500,0,0,1,0,1,1,1,1,1,0,0.004083333333333333
501,1,0,1,0,1,1,1,1,1,0,0.004401709401709401
502,0,1,1,0,1,1,1,1,1,0,0.003996794871794872
503,1,1,1,0,1,1,1,1,1,0,0.004073717948717949
504,0,0,0,1,1,1,1,1,1,0,0.003965811965811966
505,1,0,0,1,1,1,1,1,1,0,0.004060897435897435
506,0,1,0,1,1,1,1,1,1,0,0.004179487179487179
507,1,1,0,1,1,1,1,1,1,0,0.004162393162393163
508,0,0,1,1,1,1,1,1,1,0,0.0040288461538461546
509,1,0,1,1,1,1,1,1,1,0,0.003987179487179487
510,0,1,1,1,1,1,1,1,1,0,0.003952991452991453
511,1,1,1,1,1,1,1,1,1,0,0.004003205128205128
512,0,0,0,0,0,0,0,0,0,1,0.004085470085470086
513,1,0,0,0,0,0,0,0,0,1,0.004057692307692307
514,0,1,0,0,0,0,0,0,0,1,0.00433974358974359
515,1,1,0,0,0,0,0,0,0,1,0.004021367521367521
516,0,0,1,0,0,0,0,0,0,1,0.0041730769230769234
517,1,0,1,0,0,0,0,0,0,1,0.004096153846153847
518,0,1,1,0,0,0,0,0,0,1,0.004044871794871795
519,1,1,1,0,0,0,0,0,0,1,0.004067307692307692
520,0,0,0,1,0,0,0,0,0,1,0.004695512820512821
521,1,0,0,1,0,0,0,0,0,1,0.004094017094017094
522,0,1,0,1,0,0,0,0,0,1,0.0040416666666666665
523,1,1,0,1,0,0,0,0,0,1,0.004952991452991453
524,0,0,1,1,0,0,0,0,0,1,0.004032051282051282
525,1,0,1,1,0,0,0,0,0,1,0.003983974358974359
526,0,1,1,1,0,0,0,0,0,1,0.003961538461538462
527,1,1,1,1,0,0,0,0,0,1,0.00408974358974359
528,0,0,0,0,1,0,0,0,0,1,0.004131410256410256
529,1,0,0,0,1,0,0,0,0,1,0.0044423076923076925
530,0,1,0,0,1,0,0,0,0,1,0.004118589743589743
531,1,1,0,0,1,0,0,0,0,1,0.004367521367521368
532,0,0,1,0,1,0,0,0,0,1,0.004865384615384615
533,1,0,1,0,1,0,0,0,0,1,0.004105769230769231
534,0,1,1,0,1,0,0,0,0,1,0.004076923076923077
535,1,1,1,0,1,0,0,0,0,1,0.004132478632478632
536,0,0,0,1,1,0,0,0,0,1,0.004064102564102564
537,1,0,0,1,1,0,0,0,0,1,0.004128205128205128
538,0,1,0,1,1,0,0,0,0,1,0.0041025641025641026
539,1,1,0,1,1,0,0,0,0,1,0.004157051282051282
540,0,0,1,1,1,0,0,0,0,1,0.004188034188034188
541,1,0,1,1,1,0,0,0,0,1,0.004125
542,0,1,1,1,1,0,0,0,0,1,0.004060897435897436
543,1,1,1,1,1,0,0,0,0,1,0.0047051282051282055
544,0,0,0,0,0,1,0,0,0,1,0.0043044871794871795
545,1,0,0,0,0,1,0,0,0,1,0.004541666666666667
546,0,1,0,0,0,1,0,0,0,1,0.004055555555555555
547,1,1,0,0,0,1,0,0,0,1,0.004213675213675213
548,0,0,1,0,0,1,0,0,0,1,0.004264957264957265
549,1,0,1,0,0,1,0,0,0,1,0.004131410256410256
550,0,1,1,0,0,1,0,0,0,1,0.004182692307692307
551,1,1,1,0,0,1,0,0,0,1,0.004017094017094017
552,0,0,0,1,0,1,0,0,0,1,0.0040384615384615385
553,1,0,0,1,0,1,0,0,0,1,0.003991452991452991
554,0,1,0,1,0,1,0,0,0,1,0.004003205128205128
555,1,1,0,1,0,1,0,0,0,1,0.003961538461538462
556,0,0,1,1,0,1,0,0,0,1,0.004004273504273504
557,1,0,1,1,0,1,0,0,0,1,0.003944444444444444
558,0,1,1,1,0,1,0,0,0,1,0.003993589743589743
559,1,1,1,1,0,1,0,0,0,1,0.004179487179487179
560,0,0,0,0,1,1,0,0,0,1,0.0041698717948717955
561,1,0,0,0,1,1,0,0,0,1,0.0042371794871794875
562,0,1,0,0,1,1,0,0,0,1,0.004727564102564102
563,1,1,0,0,1,1,0,0,0,1,0.00414423076923077
564,0,0,1,0,1,1,0,0,0,1,0.004123931623931624
565,1,0,1,0,1,1,0,0,0,1,0.004115384615384615
566,0,1,1,0,1,1,0,0,0,1,0.004131410256410256
567,1,1,1,0,1,1,0,0,0,1,0.004226495726495727
568,0,0,0,1,1,1,0,0,0,1,0.004070512820512821
569,1,0,0,1,1,1,0,0,0,1,0.004059829059829059
570,0,1,0,1,1,1,0,0,0,1,0.004051282051282051
571,1,1,0,1,1,1,0,0,0,1,0.004073717948717949
572,0,0,1,1,1,1,0,0,0,1,0.00397008547008547
573,1,0,1,1,1,1,0,0,0,1,0.004032051282051282
574,0,1,1,1,1,1,0,0,0,1,0.003935897435897436
575,1,1,1,1,1,1,0,0,0,1,0.003995726495726496
576,0,0,0,0,0,0,1,0,0,1,0.004185897435897435
577,1,0,0,0,0,0,1,0,0,1,0.00401923076923077
578,0,1,0,0,0,0,1,0,0,1,0.004121794871794872
579,1,1,0,0,0,0,1,0,0,1,0.004022435897435897
580,0,0,1,0,0,0,1,0,0,1,0.004134615384615384
581,1,0,1,0,0,0,1,0,0,1,0.005483974358974359
582,0,1,1,0,0,0,1,0,0,1,0.004108974358974359
583,1,1,1,0,0,0,1,0,0,1,0.004112179487179487
584,0,0,0,1,0,0,1,0,0,1,0.0040416666666666665
585,1,0,0,1,0,0,1,0,0,1,0.004012820512820514
586,0,1,0,1,0,0,1,0,0,1,0.004076923076923077
587,1,1,0,1,0,0,1,0,0,1,0.003923076923076923
588,0,0,1,1,0,0,1,0,0,1,0.004094017094017094
589,1,0,1,1,0,0,1,0,0,1,0.004025641025641027
590,0,1,1,1,0,0,1,0,0,1,0.004017094017094017
591,1,1,1,1,0,0,1,0,0,1,0.0040384615384615385
592,0,0,0,0,1,0,1,0,0,1,0.004025641025641027
593,1,0,0,0,1,0,1,0,0,1,0.004188034188034188
594,0,1,0,0,1,0,1,0,0,1,0.004111111111111111
595,1,1,0,0,1,0,1,0,0,1,0.004086538461538461
596,0,0,1,0,1,0,1,0,0,1,0.00408974358974359
597,1,0,1,0,1,0,1,0,0,1,0.004121794871794871
598,0,1,1,0,1,0,1,0,0,1,0.004070512820512821
599,1,1,1,0,1,0,1,0,0,1,0.004060897435897436
600,0,0,0,1,1,0,1,0,0,1,0.004064102564102564
601,1,0,0,1,1,0,1,0,0,1,0.005016025641025641
602,0,1,0,1,1,0,1,0,0,1,0.004695512820512821
603,1,1,0,1,1,0,1,0,0,1,0.004064102564102564
604,0,0,1,1,1,0,1,0,0,1,0.004028846153846154
605,1,0,1,1,1,0,1,0,0,1,0.004048076923076923
606,0,1,1,1,1,0,1,0,0,1,0.0041025641025641026
607,1,1,1,1,1,0,1,0,0,1,0.004038461538461538
608,0,0,0,0,0,1,1,0,0,1,0.004132478632478632
609,1,0,0,0,0,1,1,0,0,1,0.004025641025641027
610,0,1,0,0,0,1,1,0,0,1,0.004131410256410256
611,1,1,0,0,0,1,1,0,0,1,0.0040341880341880345
612,0,0,1,0,0,1,1,0,0,1,0.004012820512820513
613,1,0,1,0,0,1,1,0,0,1,0.004057692307692307
614,0,1,1,0,0,1,1,0,0,1,0.003982905982905983
615,1,1,1,0,0,1,1,0,0,1,0.0040427350427350425
616,0,0,0,1,0,1,1,0,0,1,0.003991452991452992
617,1,0,0,1,0,1,1,0,0,1,0.0039775641025641024
618,0,1,0,1,0,1,1,0,0,1,0.004017094017094017
619,1,1,0,1,0,1,1,0,0,1,0.0040384615384615385
620,0,0,1,1,0,1,1,0,0,1,0.0040384615384615385
621,1,0,1,1,0,1,1,0,0,1,0.0040352564102564105
622,0,1,1,1,0,1,1,0,0,1,0.003987179487179487
623,1,1,1,1,0,1,1,0,0,1,0.004072649572649572
624,0,0,0,0,1,1,1,0,0,1,0.004051282051282051
625,1,0,0,0,1,1,1,0,0,1,0.004221153846153847
626,0,1,0,0,1,1,1,0,0,1,0.0041666666666666675
627,1,1,0,0,1,1,1,0,0,1,0.004111111111111111
628,0,0,1,0,1,1,1,0,0,1,0.0041666666666666675
629,1,0,1,0,1,1,1,0,0,1,0.004208333333333333
630,0,1,1,0,1,1,1,0,0,1,0.004044871794871795
631,1,1,1,0,1,1,1,0,0,1,0.004008547008547009
632,0,0,0,1,1,1,1,0,0,1,0.004060897435897436
633,1,0,0,1,1,1,1,0,0,1,0.004012820512820513
634,0,1,0,1,1,1,1,0,0,1,0.004115384615384615
635,1,1,0,1,1,1,1,0,0,1,0.004076923076923077
636,0,0,1,1,1,1,1,0,0,1,0.004435897435897436
637,1,0,1,1,1,1,1,0,0,1,0.004044871794871795
638,0,1,1,1,1,1,1,0,0,1,0.003996794871794871
639,1,1,1,1,1,1,1,0,0,1,0.003996794871794872
640,0,0,0,0,0,0,0,1,0,1,0.004294871794871795
641,1,0,0,0,0,0,0,1,0,1,0.004012820512820513
642,0,1,0,0,0,0,0,1,0,1,0.0041089743589743585
643,1,1,0,0,0,0,0,1,0,1,0.003940170940170941
644,0,0,1,0,0,0,0,1,0,1,0.0040352564102564105
645,1,0,1,0,0,0,0,1,0,1,0.004051282051282051
646,0,1,1,0,0,0,0,1,0,1,0.004008547008547009
647,1,1,1,0,0,0,0,1,0,1,0.003983974358974359
648,0,0,0,1,0,0,0,1,0,1,0.003983974358974358
649,1,0,0,1,0,0,0,1,0,1,0.003987179487179487
650,0,1,0,1,0,0,0,1,0,1,0.003983974358974358
651,1,1,0,1,0,0,0,1,0,1,0.004048076923076923
652,0,0,1,1,0,0,0,1,0,1,0.00391025641025641
653,1,0,1,1,0,0,0,1,0,1,0.004073717948717949
654,0,1,1,1,0,0,0,1,0,1,0.004115384615384615
655,1,1,1,1,0,0,0,1,0,1,0.00391025641025641
656,0,0,0,0,1,0,0,1,0,1,0.004055555555555555
657,1,0,0,0,1,0,0,1,0,1,0.004096153846153847
658,0,1,0,0,1,0,0,1,0,1,0.004128205128205128
659,1,1,0,0,1,0,0,1,0,1,0.004025641025641027
660,0,0,1,0,1,0,0,1,0,1,0.004022435897435898
661,1,0,1,0,1,0,0,1,0,1,0.004128205128205128
662,0,1,1,0,1,0,0,1,0,1,0.003990384615384615
663,1,1,1,0,1,0,0,1,0,1,0.003993589743589744
664,0,0,0,1,1,0,0,1,0,1,0.004003205128205128
665,1,0,0,1,1,0,0,1,0,1,0.004290598290598291
666,0,1,0,1,1,0,0,1,0,1,0.00403525641025641
667,1,1,0,1,1,0,0,1,0,1,0.004009615384615385
668,0,0,1,1,1,0,0,1,0,1,0.004028846153846154
669,1,0,1,1,1,0,0,1,0,1,0.003987179487179487
670,0,1,1,1,1,0,0,1,0,1,0.003961538461538462
671,1,1,1,1,1,0,0,1,0,1,0.003982905982905983
672,0,0,0,0,0,1,0,1,0,1,0.004086538461538462
673,1,0,0,0,0,1,0,1,0,1,0.003996794871794872
674,0,1,0,0,0,1,0,1,0,1,0.00416025641025641
675,1,1,0,0,0,1,0,1,0,1,0.00397008547008547
676,0,0,1,0,0,1,0,1,0,1,0.004064102564102564
677,1,0,1,0,0,1,0,1,0,1,0.004047008547008547
678,0,1,1,0,0,1,0,1,0,1,0.003961538461538462
679,1,1,1,0,0,1,0,1,0,1,0.004064102564102564
680,0,0,0,1,0,1,0,1,0,1,0.004006410256410256
681,1,0,0,1,0,1,0,1,0,1,0.003987179487179487
682,0,1,0,1,0,1,0,1,0,1,0.00401923076923077
683,1,1,0,1,0,1,0,1,0,1,0.003948717948717949
684,0,0,1,1,0,1,0,1,0,1,0.004849358974358974
685,1,0,1,1,0,1,0,1,0,1,0.0040341880341880345
686,0,1,1,1,0,1,0,1,0,1,0.003987179487179487
687,1,1,1,1,0,1,0,1,0,1,0.00401923076923077
688,0,0,0,0,1,1,0,1,0,1,0.004055555555555555
689,1,0,0,0,1,1,0,1,0,1,0.004384615384615385
690,0,1,0,0,1,1,0,1,0,1,0.004051282051282051
691,1,1,0,0,1,1,0,1,0,1,0.004158119658119658
692,0,0,1,0,1,1,0,1,0,1,0.005612179487179488
693,1,0,1,0,1,1,0,1,0,1,0.004094017094017095
694,0,1,1,0,1,1,0,1,0,1,0.0040384615384615385
695,1,1,1,0,1,1,0,1,0,1,0.004849358974358974
696,0,0,0,1,1,1,0,1,0,1,0.004008547008547008
697,1,0,0,1,1,1,0,1,0,1,0.0040352564102564105
698,0,1,0,1,1,1,0,1,0,1,0.00402991452991453
699,1,1,0,1,1,1,0,1,0,1,0.00401923076923077
700,0,0,1,1,1,1,0,1,0,1,0.004022435897435898
701,1,0,1,1,1,1,0,1,0,1,0.004080128205128205
702,0,1,1,1,1,1,0,1,0,1,0.004008547008547009
703,1,1,1,1,1,1,0,1,0,1,0.004003205128205128
704,0,0,0,0,0,0,1,1,0,1,0.0049038461538461545
705,1,0,0,0,0,0,1,1,0,1,0.005072649572649573
706,0,1,0,0,0,0,1,1,0,1,0.004158119658119659
707,1,1,0,0,0,0,1,1,0,1,0.004076923076923077
708,0,0,1,0,0,0,1,1,0,1,0.00467948717948718
709,1,0,1,0,0,0,1,1,0,1,0.003991452991452991
710,0,1,1,0,0,0,1,1,0,1,0.003991452991452991
711,1,1,1,0,0,0,1,1,0,1,0.0044391025641025645
712,0,0,0,1,0,0,1,1,0,1,0.003983974358974359
713,1,0,0,1,0,0,1,1,0,1,0.003952991452991453
714,0,1,0,1,0,0,1,1,0,1,0.004733974358974359
715,1,1,0,1,0,0,1,1,0,1,0.003929487179487179
716,0,0,1,1,0,0,1,1,0,1,0.004141025641025641
717,1,0,1,1,0,0,1,1,0,1,0.004073717948717949
718,0,1,1,1,0,0,1,1,0,1,0.004
719,1,1,1,1,0,0,1,1,0,1,0.0039775641025641024
720,0,0,0,0,1,0,1,1,0,1,0.004330128205128205
721,1,0,0,0,1,0,1,1,0,1,0.004055555555555555
722,0,1,0,0,1,0,1,1,0,1,0.0040341880341880345
723,1,1,0,0,1,0,1,1,0,1,0.00408974358974359
724,0,0,1,0,1,0,1,1,0,1,0.004076923076923077
725,1,0,1,0,1,0,1,1,0,1,0.004205128205128205
726,0,1,1,0,1,0,1,1,0,1,0.004070512820512821
727,1,1,1,0,1,0,1,1,0,1,0.004064102564102564
728,0,0,0,1,1,0,1,1,0,1,0.004042735042735043
729,1,0,0,1,1,0,1,1,0,1,0.004099358974358975
730,0,1,0,1,1,0,1,1,0,1,0.004051282051282051
731,1,1,0,1,1,0,1,1,0,1,0.004
732,0,0,1,1,1,0,1,1,0,1,0.004076923076923077
733,1,0,1,1,1,0,1,1,0,1,0.004054487179487179
734,0,1,1,1,1,0,1,1,0,1,0.004072649572649572
735,1,1,1,1,1,0,1,1,0,1,0.003978632478632479
736,0,0,0,0,0,1,1,1,0,1,0.004044871794871795
737,1,0,0,0,0,1,1,1,0,1,0.004070512820512821
738,0,1,0,0,0,1,1,1,0,1,0.004115384615384615
739,1,1,0,0,0,1,1,1,0,1,0.004
740,0,0,1,0,0,1,1,1,0,1,0.004162393162393163
741,1,0,1,0,0,1,1,1,0,1,0.0041068376068376065
742,0,1,1,0,0,1,1,1,0,1,0.004022435897435898
743,1,1,1,0,0,1,1,1,0,1,0.004599358974358974
744,0,0,0,1,0,1,1,1,0,1,0.003991452991452991
745,1,0,0,1,0,1,1,1,0,1,0.004134615384615384
746,0,1,0,1,0,1,1,1,0,1,0.004112179487179488
747,1,1,0,1,0,1,1,1,0,1,0.004012820512820513
748,0,0,1,1,0,1,1,1,0,1,0.004006410256410256
749,1,0,1,1,0,1,1,1,0,1,0.004012820512820513
750,0,1,1,1,0,1,1,1,0,1,0.005400641025641026
751,1,1,1,1,0,1,1,1,0,1,0.004391025641025641
752,0,0,0,0,1,1,1,1,0,1,0.004076923076923077
753,1,0,0,0,1,1,1,1,0,1,0.004480769230769231
754,0,1,0,0,1,1,1,1,0,1,0.004080128205128205
755,1,1,0,0,1,1,1,1,0,1,0.004355769230769231
756,0,0,1,0,1,1,1,1,0,1,0.00405982905982906
757,1,0,1,0,1,1,1,1,0,1,0.004073717948717949
758,0,1,1,0,1,1,1,1,0,1,0.004025641025641026
759,1,1,1,0,1,1,1,1,0,1,0.0039743589743589745
760,0,0,0,1,1,1,1,1,0,1,0.004111111111111111
761,1,0,0,1,1,1,1,1,0,1,0.004480769230769231
762,0,1,0,1,1,1,1,1,0,1,0.003965811965811966
763,1,1,0,1,1,1,1,1,0,1,0.0040416666666666665
764,0,0,1,1,1,1,1,1,0,1,0.004022435897435898
765,1,0,1,1,1,1,1,1,0,1,0.003987179487179487
766,0,1,1,1,1,1,1,1,0,1,0.003999999999999999
767,1,1,1,1,1,1,1,1,0,1,0.004009615384615384
768,0,0,0,0,0,0,0,0,1,1,0.004051282051282051
769,1,0,0,0,0,0,0,0,1,1,0.004099358974358975
770,0,1,0,0,0,0,0,0,1,1,0.00397008547008547
771,1,1,0,0,0,0,0,0,1,1,0.003996794871794872
772,0,0,1,0,0,0,0,0,1,1,0.00425
773,1,0,1,0,0,0,0,0,1,1,0.00405982905982906
774,0,1,1,0,0,0,0,0,1,1,0.004032051282051282
775,1,1,1,0,0,0,0,0,1,1,0.004128205128205128
776,0,0,0,1,0,0,0,0,1,1,0.004025641025641026
777,1,0,0,1,0,0,0,0,1,1,0.003961538461538462
778,0,1,0,1,0,0,0,0,1,1,0.003927350427350427
779,1,1,0,1,0,0,0,0,1,1,0.003923076923076922
780,0,0,1,1,0,0,0,0,1,1,0.004003205128205128
781,1,0,1,1,0,0,0,0,1,1,0.003987179487179487
782,0,1,1,1,0,0,0,0,1,1,0.003967948717948718
783,1,1,1,1,0,0,0,0,1,1,0.0041709401709401715
784,0,0,0,0,1,0,0,0,1,1,0.004025641025641026
785,1,0,0,0,1,0,0,0,1,1,0.0041025641025641026
786,0,1,0,0,1,0,0,0,1,1,0.004004273504273504
787,1,1,0,0,1,0,0,0,1,1,0.004724358974358973
788,0,0,1,0,1,0,0,0,1,1,0.004111111111111111
789,1,0,1,0,1,0,0,0,1,1,0.00414423076923077
790,0,1,1,0,1,0,0,0,1,1,0.004137820512820513
791,1,1,1,0,1,0,0,0,1,1,0.004076923076923077
792,0,0,0,1,1,0,0,0,1,1,0.00408974358974359
793,1,0,0,1,1,0,0,0,1,1,0.004592948717948717
794,0,1,0,1,1,0,0,0,1,1,0.003965811965811966
795,1,1,0,1,1,0,0,0,1,1,0.004106837606837607
796,0,0,1,1,1,0,0,0,1,1,0.004375
797,1,0,1,1,1,0,0,0,1,1,0.004
798,0,1,1,1,1,0,0,0,1,1,0.0039700854700854705
799,1,1,1,1,1,0,0,0,1,1,0.006442307692307692
800,0,0,0,0,0,1,0,0,1,1,0.003987179487179487
801,1,0,0,0,0,1,0,0,1,1,0.004055555555555555
802,0,1,0,0,0,1,0,0,1,1,0.004480769230769231
803,1,1,0,0,0,1,0,0,1,1,0.004098290598290598
804,0,0,1,0,0,1,0,0,1,1,0.0042435897435897435
805,1,0,1,0,0,1,0,0,1,1,0.0044423076923076925
806,0,1,1,0,0,1,0,0,1,1,0.004017094017094017
807,1,1,1,0,0,1,0,0,1,1,0.004235042735042735
808,0,0,0,1,0,1,0,0,1,1,0.0039700854700854705
809,1,0,0,1,0,1,0,0,1,1,0.004012820512820513
810,0,1,0,1,0,1,0,0,1,1,0.004230769230769231
811,1,1,0,1,0,1,0,0,1,1,0.003983974358974359
812,0,0,1,1,0,1,0,0,1,1,0.003961538461538462
813,1,0,1,1,0,1,0,0,1,1,0.00391025641025641
814,0,1,1,1,0,1,0,0,1,1,0.00452991452991453
815,1,1,1,1,0,1,0,0,1,1,0.004025641025641026
816,0,0,0,0,1,1,0,0,1,1,0.004085470085470086
817,1,0,0,0,1,1,0,0,1,1,0.004448717948717948
818,0,1,0,0,1,1,0,0,1,1,0.004059829059829059
819,1,1,0,0,1,1,0,0,1,1,0.004092948717948718
820,0,0,1,0,1,1,0,0,1,1,0.0039711538461538465
821,1,0,1,0,1,1,0,0,1,1,0.004137820512820513
822,0,1,1,0,1,1,0,0,1,1,0.0039807692307692304
823,1,1,1,0,1,1,0,0,1,1,0.004021367521367521
824,0,0,0,1,1,1,0,0,1,1,0.004012820512820513
825,1,0,0,1,1,1,0,0,1,1,0.003987179487179487
826,0,1,0,1,1,1,0,0,1,1,0.004163461538461539
827,1,1,0,1,1,1,0,0,1,1,0.00408974358974359
828,0,0,1,1,1,1,0,0,1,1,0.004804487179487179
829,1,0,1,1,1,1,0,0,1,1,0.0041025641025641026
830,0,1,1,1,1,1,0,0,1,1,0.0040352564102564105
831,1,1,1,1,1,1,0,0,1,1,0.003952991452991454
832,0,0,0,0,0,0,1,0,1,1,0.004586538461538461
833,1,0,0,0,0,0,1,0,1,1,0.0040341880341880345
834,0,1,0,0,0,0,1,0,1,1,0.004162393162393162
835,1,1,0,0,0,0,1,0,1,1,0.004008547008547009
836,0,0,1,0,0,0,1,0,1,1,0.004086538461538462
837,1,0,1,0,0,0,1,0,1,1,0.003944444444444444
838,0,1,1,0,0,0,1,0,1,1,0.00407051282051282
839,1,1,1,0,0,0,1,0,1,1,0.0040427350427350425
840,0,0,0,1,0,0,1,0,1,1,0.005333333333333333
841,1,0,0,1,0,0,1,0,1,1,0.004092948717948719
842,0,1,0,1,0,0,1,0,1,1,0.00394551282051282
843,1,1,0,1,0,0,1,0,1,1,0.00397008547008547
844,0,0,1,1,0,0,1,0,1,1,0.004153846153846154
845,1,0,1,1,0,0,1,0,1,1,0.004017094017094017
846,0,1,1,1,0,0,1,0,1,1,0.004016025641025641
847,1,1,1,1,0,0,1,0,1,1,0.004067307692307692
848,0,0,0,0,1,0,1,0,1,1,0.004176282051282051
849,1,0,0,0,1,0,1,0,1,1,0.0040341880341880345
850,0,1,0,0,1,0,1,0,1,1,0.004012820512820513
851,1,1,0,0,1,0,1,0,1,1,0.004213675213675213
852,0,0,1,0,1,0,1,0,1,1,0.003990384615384616
853,1,0,1,0,1,0,1,0,1,1,0.004125
854,0,1,1,0,1,0,1,0,1,1,0.004025641025641026
855,1,1,1,0,1,0,1,0,1,1,0.004044871794871795
856,0,0,0,1,1,0,1,0,1,1,0.004316239316239316
857,1,0,0,1,1,0,1,0,1,1,0.004047008547008547
858,0,1,0,1,1,0,1,0,1,1,0.004003205128205128
859,1,1,0,1,1,0,1,0,1,1,0.004017094017094017
860,0,0,1,1,1,0,1,0,1,1,0.004080128205128205
861,1,0,1,1,1,0,1,0,1,1,0.007772435897435898
862,0,1,1,1,1,0,1,0,1,1,0.0041730769230769234
863,1,1,1,1,1,0,1,0,1,1,0.004423076923076923
864,0,0,0,0,0,1,1,0,1,1,0.004403846153846154
865,1,0,0,0,0,1,1,0,1,1,0.004387820512820513
866,0,1,0,0,0,1,1,0,1,1,0.004070512820512821
867,1,1,0,0,0,1,1,0,1,1,0.00421474358974359
868,0,0,1,0,0,1,1,0,1,1,0.004131410256410256
869,1,0,1,0,0,1,1,0,1,1,0.004205128205128206
870,0,1,1,0,0,1,1,0,1,1,0.004349358974358975
871,1,1,1,0,0,1,1,0,1,1,0.00421474358974359
872,0,0,0,1,0,1,1,0,1,1,0.004055555555555556
873,1,0,0,1,0,1,1,0,1,1,0.004185897435897435
874,0,1,0,1,0,1,1,0,1,1,0.004811965811965812
875,1,1,0,1,0,1,1,0,1,1,0.004457264957264958
876,0,0,1,1,0,1,1,0,1,1,0.0042350427350427355
877,1,0,1,1,0,1,1,0,1,1,0.004294871794871795
878,0,1,1,1,0,1,1,0,1,1,0.004198717948717949
879,1,1,1,1,0,1,1,0,1,1,0.004418803418803419
880,0,0,0,0,1,1,1,0,1,1,0.004317307692307692
881,1,0,0,0,1,1,1,0,1,1,0.004400641025641026
882,0,1,0,0,1,1,1,0,1,1,0.004253205128205128
883,1,1,0,0,1,1,1,0,1,1,0.004401709401709401
884,0,0,1,0,1,1,1,0,1,1,0.0043119658119658115
885,1,0,1,0,1,1,1,0,1,1,0.004310897435897436
886,0,1,1,0,1,1,1,0,1,1,0.004269230769230769
887,1,1,1,0,1,1,1,0,1,1,0.004286324786324787
888,0,0,0,1,1,1,1,0,1,1,0.004336538461538462
889,1,0,0,1,1,1,1,0,1,1,0.004272435897435898
890,0,1,0,1,1,1,1,0,1,1,0.004196581196581196
891,1,1,0,1,1,1,1,0,1,1,0.004354700854700855
892,0,0,1,1,1,1,1,0,1,1,0.004275641025641026
893,1,0,1,1,1,1,1,0,1,1,0.004525641025641026
894,0,1,1,1,1,1,1,0,1,1,0.004288461538461539
895,1,1,1,1,1,1,1,0,1,1,0.004256410256410256
896,0,0,0,0,0,0,0,1,1,1,0.004426282051282051
897,1,0,0,0,0,0,0,1,1,1,0.004641025641025641
898,0,1,0,0,0,0,0,1,1,1,0.004264957264957265
899,1,1,0,0,0,0,0,1,1,1,0.0046410256410256406
900,0,0,1,0,0,0,0,1,1,1,0.004282051282051283
901,1,0,1,0,0,0,0,1,1,1,0.004452991452991452
902,0,1,1,0,0,0,0,1,1,1,0.004290598290598291
903,1,1,1,0,0,0,0,1,1,1,0.004698717948717949
904,0,0,0,1,0,0,0,1,1,1,0.004666666666666667
905,1,0,0,1,0,0,0,1,1,1,0.004350427350427351
906,0,1,0,1,0,0,0,1,1,1,0.004188034188034188
907,1,1,0,1,0,0,0,1,1,1,0.004230769230769231
908,0,0,1,1,0,0,0,1,1,1,0.00555448717948718
909,1,0,1,1,0,0,0,1,1,1,0.004363247863247863
910,0,1,1,1,0,0,0,1,1,1,0.004198717948717949
911,1,1,1,1,0,0,0,1,1,1,0.004487179487179487
912,0,0,0,0,1,0,0,1,1,1,0.004470085470085471
913,1,0,0,0,1,0,0,1,1,1,0.004388888888888889
914,0,1,0,0,1,0,0,1,1,1,0.0050384615384615385
915,1,1,0,0,1,0,0,1,1,1,0.004544871794871794
916,0,0,1,0,1,0,0,1,1,1,0.004695512820512821
917,1,0,1,0,1,0,0,1,1,1,0.004733974358974359
918,0,1,1,0,1,0,0,1,1,1,0.004298076923076923
919,1,1,1,0,1,0,0,1,1,1,0.004673076923076923
920,0,0,0,1,1,0,0,1,1,1,0.00425
921,1,0,0,1,1,0,0,1,1,1,0.004592948717948717
922,0,1,0,1,1,0,0,1,1,1,0.0042393162393162395
923,1,1,0,1,1,0,0,1,1,1,0.004405982905982906
924,0,0,1,1,1,0,0,1,1,1,0.00432905982905983
925,1,0,1,1,1,0,0,1,1,1,0.005080128205128206
926,0,1,1,1,1,0,0,1,1,1,0.004217948717948718
927,1,1,1,1,1,0,0,1,1,1,0.00421474358974359
928,0,0,0,0,0,1,0,1,1,1,0.004337606837606838
929,1,0,0,0,0,1,0,1,1,1,0.004330128205128206
930,0,1,0,0,0,1,0,1,1,1,0.0043012820512820515
931,1,1,0,0,0,1,0,1,1,1,0.004336538461538461
932,0,0,1,0,0,1,0,1,1,1,0.004354700854700856
933,1,0,1,0,0,1,0,1,1,1,0.004333333333333333
934,0,1,1,0,0,1,0,1,1,1,0.004461538461538461
935,1,1,1,0,0,1,0,1,1,1,0.004685897435897436
936,0,0,0,1,0,1,0,1,1,1,0.004282051282051283
937,1,0,0,1,0,1,0,1,1,1,0.00426923076923077
938,0,1,0,1,0,1,0,1,1,1,0.004224358974358975
939,1,1,0,1,0,1,0,1,1,1,0.0042403846153846155
940,0,0,1,1,0,1,0,1,1,1,0.0042991452991452996
941,1,0,1,1,0,1,0,1,1,1,0.004166666666666667
942,0,1,1,1,0,1,0,1,1,1,0.004217948717948718
943,1,1,1,1,0,1,0,1,1,1,0.004226495726495727
944,0,0,0,0,1,1,0,1,1,1,0.004650641025641025
945,1,0,0,0,1,1,0,1,1,1,0.004375
946,0,1,0,0,1,1,0,1,1,1,0.004401709401709401
947,1,1,0,0,1,1,0,1,1,1,0.004410256410256411
948,0,0,1,0,1,1,0,1,1,1,0.004262820512820512
949,1,0,1,0,1,1,0,1,1,1,0.004698717948717949
950,0,1,1,0,1,1,0,1,1,1,0.004288461538461539
951,1,1,1,0,1,1,0,1,1,1,0.004737179487179487
952,0,0,0,1,1,1,0,1,1,1,0.004355769230769231
953,1,0,0,1,1,1,0,1,1,1,0.004594017094017094
954,0,1,0,1,1,1,0,1,1,1,0.0042393162393162395
955,1,1,0,1,1,1,0,1,1,1,0.004320512820512821
956,0,0,1,1,1,1,0,1,1,1,0.004397435897435897
957,1,0,1,1,1,1,0,1,1,1,0.004256410256410256
958,0,1,1,1,1,1,0,1,1,1,0.0043076923076923075
959,1,1,1,1,1,1,0,1,1,1,0.004333333333333334
960,0,0,0,0,0,0,1,1,1,1,0.00469551282051282
961,1,0,0,0,0,0,1,1,1,1,0.004387820512820512
962,0,1,0,0,0,0,1,1,1,1,0.004756410256410256
963,1,1,0,0,0,0,1,1,1,1,0.004350427350427351
964,0,0,1,0,0,0,1,1,1,1,0.004461538461538461
965,1,0,1,0,0,0,1,1,1,1,0.004358974358974359
966,0,1,1,0,0,0,1,1,1,1,0.0043034188034188035
967,1,1,1,0,0,0,1,1,1,1,0.0044316239316239325
968,0,0,0,1,0,0,1,1,1,1,0.004362179487179487
969,1,0,0,1,0,0,1,1,1,1,0.004262820512820512
970,0,1,0,1,0,0,1,1,1,1,0.004673076923076922
971,1,1,0,1,0,0,1,1,1,1,0.0042393162393162395
972,0,0,1,1,0,0,1,1,1,1,0.004336538461538462
973,1,0,1,1,0,0,1,1,1,1,0.004259615384615385
974,0,1,1,1,0,0,1,1,1,1,0.004230769230769231
975,1,1,1,1,0,0,1,1,1,1,0.0055032051282051285
976,0,0,0,0,1,0,1,1,1,1,0.004311965811965812
977,1,0,0,0,1,0,1,1,1,1,0.004726495726495726
978,0,1,0,0,1,0,1,1,1,1,0.0042478632478632474
979,1,1,0,0,1,0,1,1,1,1,0.004926282051282051
980,0,0,1,0,1,0,1,1,1,1,0.004275641025641026
981,1,0,1,0,1,0,1,1,1,1,0.005256410256410257
982,0,1,1,0,1,0,1,1,1,1,0.004307692307692308
983,1,1,1,0,1,0,1,1,1,1,0.0043034188034188035
984,0,0,0,1,1,0,1,1,1,1,0.004376068376068376
985,1,0,0,1,1,0,1,1,1,1,0.0044401709401709405
986,0,1,0,1,1,0,1,1,1,1,0.0045726495726495725
987,1,1,0,1,1,0,1,1,1,1,0.004371794871794872
988,0,0,1,1,1,0,1,1,1,1,0.004277777777777778
989,1,0,1,1,1,0,1,1,1,1,0.004226495726495727
990,0,1,1,1,1,0,1,1,1,1,0.004252136752136752
991,1,1,1,1,1,0,1,1,1,1,0.00508974358974359
992,0,0,0,0,0,1,1,1,1,1,0.0043044871794871795
993,1,0,0,0,0,1,1,1,1,1,0.004337606837606838
994,0,1,0,0,0,1,1,1,1,1,0.004341880341880342
995,1,1,0,0,0,1,1,1,1,1,0.0043760683760683755
996,0,0,1,0,0,1,1,1,1,1,0.004294871794871796
997,1,0,1,0,0,1,1,1,1,1,0.004766025641025641
998,0,1,1,0,0,1,1,1,1,1,0.004342948717948717
999,1,1,1,0,0,1,1,1,1,1,0.0042991452991452996
1000,0,0,0,1,0,1,1,1,1,1,0.004290598290598291
1001,1,0,0,1,0,1,1,1,1,1,0.004310897435897436
1002,0,1,0,1,0,1,1,1,1,1,0.0042393162393162395
1003,1,1,0,1,0,1,1,1,1,1,0.004378205128205128
1004,0,0,1,1,0,1,1,1,1,1,0.004266025641025641
1005,1,0,1,1,0,1,1,1,1,1,0.004307692307692308
1006,0,1,1,1,0,1,1,1,1,1,0.004294871794871796
1007,1,1,1,1,0,1,1,1,1,1,0.0042435897435897435
1008,0,0,0,0,1,1,1,1,1,1,0.004333333333333334
1009,1,0,0,0,1,1,1,1,1,1,0.004788461538461538
1010,0,1,0,0,1,1,1,1,1,1,0.004307692307692308
1011,1,1,0,0,1,1,1,1,1,1,0.00435897435897436
1012,0,0,1,0,1,1,1,1,1,1,0.004683760683760683
1013,1,0,1,0,1,1,1,1,1,1,0.00453525641025641
1014,0,1,1,0,1,1,1,1,1,1,0.004669871794871795
1015,1,1,1,0,1,1,1,1,1,1,0.004294871794871796
1016,0,0,0,1,1,1,1,1,1,1,0.004333333333333333
1017,1,0,0,1,1,1,1,1,1,1,0.004275641025641026
1018,0,1,0,1,1,1,1,1,1,1,0.004269230769230769
1019,1,1,0,1,1,1,1,1,1,1,0.004487179487179487
1020,0,0,1,1,1,1,1,1,1,1,0.0042991452991452996
1021,1,0,1,1,1,1,1,1,1,1,0.004256410256410256
1022,0,1,1,1,1,1,1,1,1,1,0.00511965811965812
1023,1,1,1,1,1,1,1,1,1,1,0.004391025641025642
